 &plot nbnd=   8, nks=   301 /
            0.094330  0.094330  0.094330
   -5.258   -2.004    3.915    3.915    5.244    8.902    8.902   12.456
            0.093651  0.093651  0.093651
   -5.245   -2.025    3.913    3.913    5.241    8.901    8.901   12.453
            0.092972  0.092972  0.092972
   -5.234   -2.043    3.910    3.910    5.239    8.901    8.901   12.450
            0.092294  0.092294  0.092294
   -5.223   -2.060    3.908    3.908    5.236    8.900    8.900   12.448
            0.091615  0.091615  0.091615
   -5.214   -2.075    3.906    3.906    5.234    8.899    8.899   12.445
            0.090936  0.090936  0.090936
   -5.206   -2.088    3.905    3.905    5.232    8.898    8.898   12.443
            0.090258  0.090258  0.090258
   -5.198   -2.100    3.903    3.903    5.231    8.898    8.898   12.442
            0.089579  0.089579  0.089579
   -5.193   -2.109    3.902    3.902    5.230    8.897    8.897   12.440
            0.088901  0.088901  0.088901
   -5.188   -2.117    3.901    3.901    5.229    8.897    8.897   12.439
            0.088222  0.088222  0.088222
   -5.184   -2.122    3.900    3.900    5.228    8.897    8.897   12.438
            0.087543  0.087543  0.087543
   -5.182   -2.126    3.900    3.900    5.228    8.897    8.897   12.438
            0.086865  0.086865  0.086865
   -5.181   -2.127    3.900    3.900    5.227    8.896    8.896   12.438
            0.086186  0.086186  0.086186
   -5.181   -2.127    3.900    3.900    5.227    8.896    8.896   12.438
            0.085507  0.085507  0.085507
   -5.183   -2.125    3.900    3.900    5.228    8.897    8.897   12.438
            0.084829  0.084829  0.084829
   -5.185   -2.120    3.900    3.900    5.228    8.897    8.897   12.439
            0.084150  0.084150  0.084150
   -5.189   -2.114    3.901    3.901    5.229    8.897    8.897   12.440
            0.083471  0.083471  0.083471
   -5.194   -2.106    3.902    3.902    5.230    8.897    8.897   12.441
            0.082793  0.082793  0.082793
   -5.201   -2.096    3.904    3.904    5.231    8.898    8.898   12.442
            0.082114  0.082114  0.082114
   -5.208   -2.084    3.905    3.905    5.233    8.899    8.899   12.444
            0.081436  0.081436  0.081436
   -5.217   -2.070    3.907    3.907    5.235    8.899    8.899   12.446
            0.080757  0.080757  0.080757
   -5.227   -2.055    3.909    3.909    5.237    8.900    8.900   12.448
            0.080078  0.080078  0.080078
   -5.237   -2.037    3.911    3.911    5.239    8.901    8.901   12.451
            0.079400  0.079400  0.079400
   -5.249   -2.018    3.914    3.914    5.242    8.902    8.902   12.454
            0.078721  0.078721  0.078721
   -5.262   -1.997    3.916    3.916    5.245    8.903    8.903   12.457
            0.078042  0.078042  0.078042
   -5.276   -1.974    3.919    3.919    5.248    8.904    8.904   12.460
            0.077364  0.077364  0.077364
   -5.291   -1.950    3.923    3.923    5.251    8.905    8.905   12.463
            0.076685  0.076685  0.076685
   -5.306   -1.924    3.926    3.926    5.255    8.906    8.906   12.467
            0.076007  0.076007  0.076007
   -5.323   -1.897    3.930    3.930    5.259    8.907    8.907   12.470
            0.075328  0.075328  0.075328
   -5.340   -1.868    3.934    3.934    5.263    8.908    8.908   12.474
            0.074649  0.074649  0.074649
   -5.358   -1.838    3.938    3.938    5.267    8.910    8.910   12.478
            0.073971  0.073971  0.073971
   -5.376   -1.806    3.943    3.943    5.272    8.911    8.911   12.481
            0.073292  0.073292  0.073292
   -5.395   -1.773    3.947    3.947    5.277    8.912    8.912   12.484
            0.072613  0.072613  0.072613
   -5.415   -1.739    3.952    3.952    5.282    8.913    8.913   12.488
            0.071935  0.071935  0.071935
   -5.436   -1.704    3.957    3.957    5.288    8.915    8.915   12.490
            0.071256  0.071256  0.071256
   -5.457   -1.667    3.963    3.963    5.293    8.916    8.916   12.493
            0.070577  0.070577  0.070577
   -5.478   -1.629    3.968    3.968    5.299    8.917    8.917   12.494
            0.069899  0.069899  0.069899
   -5.500   -1.590    3.974    3.974    5.305    8.918    8.918   12.495
            0.069220  0.069220  0.069220
   -5.522   -1.549    3.981    3.981    5.312    8.919    8.919   12.495
            0.068542  0.068542  0.068542
   -5.544   -1.508    3.987    3.987    5.318    8.921    8.921   12.494
            0.067863  0.067863  0.067863
   -5.567   -1.466    3.994    3.994    5.325    8.921    8.921   12.491
            0.067184  0.067184  0.067184
   -5.590   -1.422    4.000    4.000    5.332    8.922    8.922   12.486
            0.066506  0.066506  0.066506
   -5.614   -1.378    4.008    4.008    5.340    8.923    8.923   12.478
            0.065827  0.065827  0.065827
   -5.637   -1.333    4.015    4.015    5.347    8.924    8.924   12.468
            0.065148  0.065148  0.065148
   -5.661   -1.287    4.022    4.022    5.355    8.924    8.924   12.454
            0.064470  0.064470  0.064470
   -5.685   -1.240    4.030    4.030    5.363    8.925    8.925   12.436
            0.063791  0.063791  0.063791
   -5.709   -1.192    4.038    4.038    5.371    8.925    8.925   12.414
            0.063113  0.063113  0.063113
   -5.733   -1.143    4.047    4.047    5.380    8.925    8.925   12.386
            0.062434  0.062434  0.062434
   -5.758   -1.094    4.055    4.055    5.389    8.925    8.925   12.354
            0.061755  0.061755  0.061755
   -5.782   -1.044    4.064    4.064    5.398    8.924    8.924   12.317
            0.061077  0.061077  0.061077
   -5.806   -0.993    4.073    4.073    5.407    8.924    8.924   12.274
            0.060398  0.060398  0.060398
   -5.831   -0.941    4.082    4.082    5.416    8.923    8.923   12.228
            0.059719  0.059719  0.059719
   -5.855   -0.889    4.092    4.092    5.426    8.922    8.922   12.177
            0.059041  0.059041  0.059041
   -5.880   -0.836    4.101    4.101    5.436    8.920    8.920   12.123
            0.058362  0.058362  0.058362
   -5.904   -0.782    4.111    4.111    5.446    8.918    8.918   12.066
            0.057684  0.057684  0.057684
   -5.929   -0.728    4.121    4.121    5.456    8.916    8.916   12.007
            0.057005  0.057005  0.057005
   -5.953   -0.673    4.131    4.131    5.466    8.914    8.914   11.946
            0.056326  0.056326  0.056326
   -5.977   -0.617    4.142    4.142    5.477    8.911    8.911   11.883
            0.055648  0.055648  0.055648
   -6.002   -0.561    4.153    4.153    5.488    8.908    8.908   11.819
            0.054969  0.054969  0.054969
   -6.026   -0.504    4.164    4.164    5.499    8.905    8.905   11.753
            0.054290  0.054290  0.054290
   -6.050   -0.447    4.175    4.175    5.510    8.901    8.901   11.687
            0.053612  0.053612  0.053612
   -6.073   -0.389    4.186    4.186    5.522    8.896    8.896   11.620
            0.052933  0.052933  0.052933
   -6.097   -0.331    4.198    4.198    5.533    8.891    8.891   11.553
            0.052254  0.052254  0.052254
   -6.121   -0.272    4.210    4.210    5.545    8.886    8.886   11.485
            0.051576  0.051576  0.051576
   -6.144   -0.212    4.222    4.222    5.557    8.880    8.880   11.416
            0.050897  0.050897  0.050897
   -6.167   -0.152    4.234    4.234    5.569    8.874    8.874   11.348
            0.050219  0.050219  0.050219
   -6.191   -0.092    4.246    4.246    5.581    8.867    8.867   11.279
            0.049540  0.049540  0.049540
   -6.213   -0.031    4.259    4.259    5.593    8.860    8.860   11.210
            0.048861  0.048861  0.048861
   -6.236    0.030    4.272    4.272    5.606    8.852    8.852   11.141
            0.048183  0.048183  0.048183
   -6.259    0.092    4.285    4.285    5.619    8.844    8.844   11.072
            0.047504  0.047504  0.047504
   -6.281    0.154    4.298    4.298    5.631    8.835    8.835   11.003
            0.046825  0.046825  0.046825
   -6.303    0.217    4.312    4.312    5.644    8.826    8.826   10.933
            0.046147  0.046147  0.046147
   -6.325    0.280    4.325    4.325    5.657    8.816    8.816   10.864
            0.045468  0.045468  0.045468
   -6.347    0.344    4.339    4.339    5.670    8.806    8.806   10.795
            0.044790  0.044790  0.044790
   -6.368    0.408    4.353    4.353    5.684    8.795    8.795   10.726
            0.044111  0.044111  0.044111
   -6.389    0.472    4.367    4.367    5.697    8.783    8.783   10.657
            0.043432  0.043432  0.043432
   -6.410    0.537    4.381    4.381    5.710    8.771    8.771   10.588
            0.042754  0.042754  0.042754
   -6.431    0.602    4.396    4.396    5.723    8.758    8.758   10.520
            0.042075  0.042075  0.042075
   -6.451    0.667    4.410    4.410    5.737    8.745    8.745   10.451
            0.041396  0.041396  0.041396
   -6.471    0.733    4.425    4.425    5.750    8.731    8.731   10.383
            0.040718  0.040718  0.040718
   -6.491    0.799    4.440    4.440    5.764    8.717    8.717   10.314
            0.040039  0.040039  0.040039
   -6.511    0.865    4.455    4.455    5.777    8.702    8.702   10.246
            0.039361  0.039361  0.039361
   -6.530    0.932    4.470    4.470    5.790    8.686    8.686   10.179
            0.038682  0.038682  0.038682
   -6.549    0.999    4.485    4.485    5.804    8.670    8.670   10.111
            0.038003  0.038003  0.038003
   -6.568    1.067    4.501    4.501    5.817    8.654    8.654   10.044
            0.037325  0.037325  0.037325
   -6.587    1.134    4.516    4.516    5.830    8.637    8.637    9.977
            0.036646  0.036646  0.036646
   -6.605    1.202    4.532    4.532    5.843    8.619    8.619    9.910
            0.035967  0.035967  0.035967
   -6.623    1.271    4.548    4.548    5.856    8.602    8.602    9.843
            0.035289  0.035289  0.035289
   -6.640    1.339    4.564    4.564    5.869    8.583    8.583    9.777
            0.034610  0.034610  0.034610
   -6.658    1.408    4.580    4.580    5.882    8.564    8.564    9.711
            0.033931  0.033931  0.033931
   -6.675    1.477    4.596    4.596    5.894    8.545    8.545    9.645
            0.033253  0.033253  0.033253
   -6.691    1.546    4.612    4.612    5.906    8.526    8.526    9.580
            0.032574  0.032574  0.032574
   -6.708    1.616    4.628    4.628    5.918    8.506    8.506    9.515
            0.031896  0.031896  0.031896
   -6.724    1.686    4.644    4.644    5.929    8.486    8.486    9.451
            0.031217  0.031217  0.031217
   -6.740    1.756    4.660    4.660    5.941    8.465    8.465    9.386
            0.030538  0.030538  0.030538
   -6.755    1.826    4.677    4.677    5.951    8.445    8.445    9.323
            0.029860  0.029860  0.029860
   -6.771    1.896    4.693    4.693    5.962    8.424    8.424    9.260
            0.029181  0.029181  0.029181
   -6.785    1.967    4.710    4.710    5.972    8.402    8.402    9.197
            0.028502  0.028502  0.028502
   -6.800    2.038    4.726    4.726    5.981    8.381    8.381    9.135
            0.027824  0.027824  0.027824
   -6.814    2.109    4.742    4.742    5.990    8.359    8.359    9.074
            0.027145  0.027145  0.027145
   -6.828    2.180    4.759    4.759    5.998    8.338    8.338    9.013
            0.026467  0.026467  0.026467
   -6.842    2.251    4.775    4.775    6.005    8.316    8.316    8.953
            0.025788  0.025788  0.025788
   -6.855    2.322    4.791    4.791    6.011    8.294    8.294    8.894
            0.025109  0.025109  0.025109
   -6.868    2.394    4.808    4.808    6.017    8.272    8.272    8.835
            0.024431  0.024431  0.024431
   -6.880    2.465    4.824    4.824    6.022    8.250    8.250    8.778
            0.023752  0.023752  0.023752
   -6.893    2.537    4.840    4.840    6.026    8.228    8.228    8.721
            0.023073  0.023073  0.023073
   -6.905    2.609    4.856    4.856    6.028    8.206    8.206    8.666
            0.022395  0.022395  0.022395
   -6.916    2.680    4.872    4.872    6.030    8.185    8.185    8.611
            0.021716  0.021716  0.021716
   -6.928    2.752    4.888    4.888    6.030    8.163    8.163    8.557
            0.021038  0.021038  0.021038
   -6.938    2.824    4.903    4.903    6.029    8.142    8.142    8.505
            0.020359  0.020359  0.020359
   -6.949    2.896    4.919    4.919    6.027    8.120    8.120    8.454
            0.019680  0.019680  0.019680
   -6.959    2.968    4.934    4.934    6.023    8.099    8.099    8.405
            0.019002  0.019002  0.019002
   -6.969    3.040    4.949    4.949    6.017    8.079    8.079    8.357
            0.018323  0.018323  0.018323
   -6.979    3.112    4.964    4.964    6.009    8.058    8.058    8.310
            0.017644  0.017644  0.017644
   -6.988    3.183    4.978    4.978    6.000    8.038    8.038    8.265
            0.016966  0.016966  0.016966
   -6.997    3.255    4.993    4.993    5.989    8.018    8.018    8.222
            0.016287  0.016287  0.016287
   -7.006    3.327    5.007    5.007    5.976    7.999    7.999    8.181
            0.015608  0.015608  0.015608
   -7.014    3.398    5.020    5.020    5.961    7.980    7.980    8.141
            0.014930  0.014930  0.014930
   -7.022    3.469    5.034    5.034    5.943    7.962    7.962    8.103
            0.014251  0.014251  0.014251
   -7.029    3.541    5.047    5.047    5.924    7.944    7.944    8.068
            0.013573  0.013573  0.013573
   -7.036    3.611    5.059    5.059    5.902    7.926    7.926    8.034
            0.012894  0.012894  0.012894
   -7.043    3.682    5.071    5.071    5.878    7.909    7.909    8.002
            0.012215  0.012215  0.012215
   -7.050    3.753    5.083    5.083    5.851    7.893    7.893    7.972
            0.011537  0.011537  0.011537
   -7.056    3.823    5.094    5.094    5.823    7.878    7.878    7.945
            0.010858  0.010858  0.010858
   -7.062    3.892    5.105    5.105    5.792    7.863    7.863    7.919
            0.010179  0.010179  0.010179
   -7.067    3.961    5.115    5.115    5.759    7.849    7.849    7.895
            0.009501  0.009501  0.009501
   -7.072    4.030    5.125    5.125    5.724    7.835    7.835    7.873
            0.008822  0.008822  0.008822
   -7.077    4.098    5.134    5.134    5.687    7.823    7.823    7.854
            0.008144  0.008144  0.008144
   -7.081    4.166    5.143    5.143    5.648    7.811    7.811    7.836
            0.007465  0.007465  0.007465
   -7.085    4.233    5.151    5.151    5.607    7.800    7.800    7.819
            0.006786  0.006786  0.006786
   -7.089    4.298    5.158    5.158    5.565    7.790    7.790    7.805
            0.006108  0.006108  0.006108
   -7.092    4.363    5.165    5.165    5.522    7.780    7.780    7.792
            0.005429  0.005429  0.005429
   -7.095    4.427    5.171    5.171    5.477    7.772    7.772    7.781
            0.004750  0.004750  0.004750
   -7.098    4.488    5.177    5.177    5.432    7.765    7.765    7.771
            0.004072  0.004072  0.004072
   -7.100    4.548    5.182    5.182    5.386    7.758    7.758    7.763
            0.003393  0.003393  0.003393
   -7.102    4.605    5.186    5.186    5.341    7.753    7.753    7.756
            0.002715  0.002715  0.002715
   -7.104    4.657    5.189    5.189    5.298    7.748    7.748    7.750
            0.002036  0.002036  0.002036
   -7.105    4.704    5.191    5.191    5.259    7.745    7.745    7.746
            0.001357  0.001357  0.001357
   -7.106    4.743    5.193    5.193    5.226    7.742    7.742    7.743
            0.000679  0.000679  0.000679
   -7.106    4.769    5.194    5.194    5.203    7.741    7.741    7.741
            0.000000  0.000000  0.000000
   -7.107    4.778    5.195    5.195    5.195    7.740    7.740    7.740
            0.001172 -0.001172  0.001172
   -7.106    4.751    5.194    5.194    5.218    7.742    7.742    7.742
            0.002344 -0.002344  0.002344
   -7.105    4.684    5.190    5.190    5.276    7.746    7.746    7.747
            0.003515 -0.003515  0.003515
   -7.102    4.595    5.185    5.185    5.349    7.754    7.754    7.757
            0.004687 -0.004687  0.004687
   -7.098    4.494    5.177    5.177    5.427    7.764    7.764    7.770
            0.005859 -0.005859  0.005859
   -7.094    4.387    5.168    5.168    5.505    7.777    7.777    7.788
            0.007031 -0.007031  0.007031
   -7.088    4.275    5.156    5.156    5.581    7.793    7.793    7.810
            0.008203 -0.008203  0.008203
   -7.081    4.160    5.142    5.142    5.652    7.812    7.812    7.837
            0.009374 -0.009374  0.009374
   -7.073    4.043    5.127    5.127    5.717    7.833    7.833    7.870
            0.010546 -0.010546  0.010546
   -7.064    3.924    5.110    5.110    5.777    7.856    7.856    7.908
            0.011718 -0.011718  0.011718
   -7.054    3.804    5.091    5.091    5.831    7.882    7.882    7.952
            0.012890 -0.012890  0.012890
   -7.043    3.683    5.071    5.071    5.878    7.909    7.909    8.002
            0.014062 -0.014062  0.014062
   -7.031    3.560    5.050    5.050    5.918    7.939    7.939    8.058
            0.015233 -0.015233  0.015233
   -7.018    3.438    5.028    5.028    5.951    7.970    7.970    8.120
            0.016405 -0.016405  0.016405
   -7.004    3.314    5.004    5.004    5.978    8.002    8.002    8.188
            0.017577 -0.017577  0.017577
   -6.989    3.191    4.980    4.980    5.999    8.036    8.036    8.261
            0.018749 -0.018749  0.018749
   -6.973    3.067    4.955    4.955    6.014    8.071    8.071    8.339
            0.019921 -0.019921  0.019921
   -6.956    2.942    4.929    4.929    6.024    8.107    8.107    8.422
            0.021092 -0.021092  0.021092
   -6.938    2.818    4.902    4.902    6.029    8.143    8.143    8.509
            0.022264 -0.022264  0.022264
   -6.918    2.694    4.875    4.875    6.030    8.180    8.180    8.601
            0.023436 -0.023436  0.023436
   -6.898    2.570    4.848    4.848    6.027    8.218    8.218    8.695
            0.024608 -0.024608  0.024608
   -6.877    2.446    4.820    4.820    6.021    8.256    8.256    8.793
            0.025780 -0.025780  0.025780
   -6.855    2.323    4.792    4.792    6.012    8.294    8.294    8.893
            0.026951 -0.026951  0.026951
   -6.832    2.200    4.763    4.763    6.000    8.331    8.331    8.996
            0.028123 -0.028123  0.028123
   -6.808    2.077    4.735    4.735    5.986    8.369    8.369    9.101
            0.029295 -0.029295  0.029295
   -6.783    1.955    4.707    4.707    5.970    8.406    8.406    9.208
            0.030467 -0.030467  0.030467
   -6.757    1.833    4.679    4.679    5.952    8.442    8.442    9.316
            0.031638 -0.031638  0.031638
   -6.730    1.712    4.650    4.650    5.934    8.478    8.478    9.426
            0.032810 -0.032810  0.032810
   -6.702    1.592    4.622    4.622    5.914    8.513    8.513    9.538
            0.033982 -0.033982  0.033982
   -6.673    1.472    4.594    4.594    5.893    8.547    8.547    9.650
            0.035154 -0.035154  0.035154
   -6.644    1.353    4.567    4.567    5.871    8.579    8.579    9.764
            0.036326 -0.036326  0.036326
   -6.613    1.235    4.539    4.539    5.849    8.611    8.611    9.878
            0.037497 -0.037497  0.037497
   -6.582    1.117    4.512    4.512    5.827    8.641    8.641    9.994
            0.038669 -0.038669  0.038669
   -6.550    1.000    4.486    4.486    5.804    8.670    8.670   10.110
            0.039841 -0.039841  0.039841
   -6.516    0.885    4.459    4.459    5.781    8.697    8.697   10.227
            0.041013 -0.041013  0.041013
   -6.483    0.770    4.433    4.433    5.758    8.723    8.723   10.344
            0.042185 -0.042185  0.042185
   -6.448    0.656    4.408    4.408    5.735    8.747    8.747   10.462
            0.043356 -0.043356  0.043356
   -6.412    0.544    4.383    4.383    5.712    8.769    8.769   10.581
            0.044528 -0.044528  0.044528
   -6.376    0.432    4.358    4.358    5.689    8.790    8.790   10.700
            0.045700 -0.045700  0.045700
   -6.339    0.322    4.334    4.334    5.666    8.809    8.809   10.819
            0.046872 -0.046872  0.046872
   -6.302    0.213    4.311    4.311    5.643    8.827    8.827   10.938
            0.048044 -0.048044  0.048044
   -6.263    0.105    4.288    4.288    5.621    8.842    8.842   11.058
            0.049215 -0.049215  0.049215
   -6.224   -0.002    4.265    4.265    5.599    8.857    8.857   11.177
            0.050387 -0.050387  0.050387
   -6.185   -0.107    4.243    4.243    5.578    8.869    8.869   11.296
            0.051559 -0.051559  0.051559
   -6.145   -0.211    4.222    4.222    5.557    8.880    8.880   11.415
            0.052731 -0.052731  0.052731
   -6.104   -0.313    4.201    4.201    5.537    8.890    8.890   11.532
            0.053903 -0.053903  0.053903
   -6.063   -0.414    4.181    4.181    5.517    8.898    8.898   11.649
            0.055074 -0.055074  0.055074
   -6.022   -0.513    4.162    4.162    5.497    8.905    8.905   11.763
            0.056246 -0.056246  0.056246
   -5.980   -0.611    4.143    4.143    5.478    8.911    8.911   11.875
            0.057418 -0.057418  0.057418
   -5.938   -0.706    4.125    4.125    5.460    8.915    8.915   11.983
            0.058590 -0.058590  0.058590
   -5.896   -0.800    4.108    4.108    5.442    8.919    8.919   12.086
            0.059762 -0.059762  0.059762
   -5.854   -0.892    4.091    4.091    5.425    8.922    8.922   12.180
            0.060933 -0.060933  0.060933
   -5.812   -0.982    4.075    4.075    5.409    8.924    8.924   12.265
            0.062105 -0.062105  0.062105
   -5.769   -1.070    4.059    4.059    5.393    8.925    8.925   12.336
            0.063277 -0.063277  0.063277
   -5.727   -1.155    4.045    4.045    5.378    8.925    8.925   12.393
            0.064449 -0.064449  0.064449
   -5.686   -1.238    4.031    4.031    5.363    8.925    8.925   12.436
            0.065621 -0.065621  0.065621
   -5.644   -1.319    4.017    4.017    5.350    8.924    8.924   12.464
            0.066792 -0.066792  0.066792
   -5.604   -1.397    4.005    4.005    5.337    8.923    8.923   12.482
            0.067964 -0.067964  0.067964
   -5.564   -1.472    3.993    3.993    5.324    8.921    8.921   12.491
            0.069136 -0.069136  0.069136
   -5.525   -1.544    3.981    3.981    5.312    8.920    8.920   12.495
            0.070308 -0.070308  0.070308
   -5.486   -1.613    3.971    3.971    5.302    8.918    8.918   12.495
            0.071480 -0.071480  0.071480
   -5.450   -1.679    3.961    3.961    5.291    8.916    8.916   12.492
            0.072651 -0.072651  0.072651
   -5.414   -1.741    3.952    3.952    5.282    8.913    8.913   12.487
            0.073823 -0.073823  0.073823
   -5.380   -1.799    3.944    3.944    5.273    8.911    8.911   12.482
            0.074995 -0.074995  0.074995
   -5.349   -1.854    3.936    3.936    5.265    8.909    8.909   12.476
            0.076167 -0.076167  0.076167
   -5.319   -1.904    3.929    3.929    5.258    8.907    8.907   12.470
            0.077339 -0.077339  0.077339
   -5.291   -1.949    3.923    3.923    5.252    8.905    8.905   12.463
            0.078510 -0.078510  0.078510
   -5.266   -1.990    3.917    3.917    5.246    8.903    8.903   12.458
            0.079682 -0.079682  0.079682
   -5.244   -2.026    3.913    3.913    5.241    8.901    8.901   12.453
            0.080854 -0.080854  0.080854
   -5.225   -2.057    3.909    3.909    5.237    8.900    8.900   12.448
            0.082026 -0.082026  0.082026
   -5.209   -2.082    3.905    3.905    5.233    8.899    8.899   12.444
            0.083197 -0.083197  0.083197
   -5.197   -2.102    3.903    3.903    5.231    8.898    8.898   12.441
            0.084369 -0.084369  0.084369
   -5.188   -2.116    3.901    3.901    5.229    8.897    8.897   12.439
            0.085541 -0.085541  0.085541
   -5.183   -2.125    3.900    3.900    5.228    8.897    8.897   12.438
            0.086713 -0.086713  0.086713
   -5.181   -2.127    3.900    3.900    5.227    8.896    8.896   12.438
            0.087885 -0.087885  0.087885
   -5.183   -2.124    3.900    3.900    5.228    8.897    8.897   12.438
            0.089056 -0.089056  0.089056
   -5.189   -2.115    3.901    3.901    5.229    8.897    8.897   12.439
            0.090228 -0.090228  0.090228
   -5.198   -2.100    3.903    3.903    5.231    8.898    8.898   12.442
            0.091400 -0.091400  0.091400
   -5.211   -2.079    3.906    3.906    5.234    8.899    8.899   12.445
            0.092572 -0.092572  0.092572
   -5.227   -2.053    3.909    3.909    5.237    8.900    8.900   12.449
            0.093744 -0.093744  0.093744
   -5.247   -2.022    3.913    3.913    5.241    8.902    8.902   12.453
            0.094915 -0.094915  0.094915
   -5.269   -1.985    3.918    3.918    5.247    8.903    8.903   12.459
            0.096087 -0.096087  0.096087
   -5.295   -1.944    3.923    3.923    5.252    8.905    8.905   12.464
            0.097259 -0.097259  0.097259
   -5.322   -1.898    3.930    3.930    5.259    8.907    8.907   12.470
            0.098431 -0.098431  0.098431
   -5.352   -1.847    3.937    3.937    5.266    8.909    8.909   12.477
            0.099603 -0.099603  0.099603
   -5.385   -1.792    3.945    3.945    5.274    8.911    8.911   12.483
            0.100774 -0.100774  0.100774
   -5.418   -1.734    3.953    3.953    5.283    8.914    8.914   12.488
            0.101946 -0.101946  0.101946
   -5.454   -1.671    3.962    3.962    5.293    8.916    8.916   12.492
            0.103118 -0.103118  0.103118
   -5.491   -1.605    3.972    3.972    5.303    8.918    8.918   12.495
            0.104290 -0.104290  0.104290
   -5.529   -1.536    3.983    3.983    5.314    8.920    8.920   12.495
            0.105462 -0.105462  0.105462
   -5.569   -1.463    3.994    3.994    5.326    8.922    8.922   12.491
            0.106633 -0.106633  0.106633
   -5.609   -1.387    4.006    4.006    5.338    8.923    8.923   12.480
            0.107805 -0.107805  0.107805
   -5.649   -1.309    4.019    4.019    5.351    8.924    8.924   12.461
            0.108977 -0.108977  0.108977
   -5.691   -1.228    4.032    4.032    5.365    8.925    8.925   12.431
            0.110149 -0.110149  0.110149
   -5.733   -1.145    4.046    4.046    5.380    8.925    8.925   12.387
            0.111321 -0.111321  0.111321
   -5.775   -1.059    4.061    4.061    5.395    8.924    8.924   12.328
            0.112492 -0.112492  0.112492
   -5.817   -0.971    4.077    4.077    5.411    8.923    8.923   12.255
            0.113664 -0.113664  0.113664
   -5.859   -0.881    4.093    4.093    5.427    8.921    8.921   12.169
            0.114836 -0.114836  0.114836
   -5.901   -0.789    4.110    4.110    5.444    8.919    8.919   12.073
            0.116008 -0.116008  0.116008
   -5.943   -0.695    4.127    4.127    5.462    8.915    8.915   11.970
            0.117180 -0.117180  0.117180
   -5.985   -0.599    4.146    4.146    5.481    8.910    8.910   11.862
            0.118351 -0.118351  0.118351
   -6.027   -0.501    4.164    4.164    5.500    8.904    8.904   11.749
            0.119523 -0.119523  0.119523
   -6.068   -0.401    4.184    4.184    5.519    8.897    8.897   11.635
            0.120695 -0.120695  0.120695
   -6.109   -0.300    4.204    4.204    5.539    8.889    8.889   11.518
            0.121867 -0.121867  0.121867
   -6.150   -0.198    4.225    4.225    5.560    8.879    8.879   11.400
            0.123039 -0.123039  0.123039
   -6.190   -0.094    4.246    4.246    5.581    8.868    8.868   11.281
            0.124210 -0.124210  0.124210
   -6.229    0.011    4.268    4.268    5.602    8.855    8.855   11.162
            0.125382 -0.125382  0.125382
   -6.268    0.118    4.290    4.290    5.624    8.841    8.841   11.043
            0.126554 -0.126554  0.126554
   -6.306    0.226    4.313    4.313    5.646    8.825    8.825   10.923
            0.127726 -0.127726  0.127726
   -6.344    0.336    4.337    4.337    5.669    8.807    8.807   10.804
            0.128898 -0.128898  0.128898
   -6.381    0.446    4.361    4.361    5.691    8.788    8.788   10.685
            0.130069 -0.130069  0.130069
   -6.417    0.558    4.386    4.386    5.714    8.767    8.767   10.566
            0.131241 -0.131241  0.131241
   -6.452    0.671    4.411    4.411    5.737    8.744    8.744   10.447
            0.132413 -0.132413  0.132413
   -6.487    0.784    4.436    4.436    5.761    8.720    8.720   10.329
            0.133585 -0.133585  0.133585
   -6.521    0.899    4.462    4.462    5.784    8.694    8.694   10.212
            0.134756 -0.134756  0.134756
   -6.554    1.015    4.489    4.489    5.807    8.666    8.666   10.095
            0.135928 -0.135928  0.135928
   -6.586    1.132    4.516    4.516    5.830    8.638    8.638    9.979
            0.137100 -0.137100  0.137100
   -6.617    1.249    4.543    4.543    5.852    8.607    8.607    9.864
            0.138272 -0.138272  0.138272
   -6.648    1.368    4.570    4.570    5.874    8.575    8.575    9.749
            0.139444 -0.139444  0.139444
   -6.677    1.487    4.598    4.598    5.896    8.543    8.543    9.636
            0.140615 -0.140615  0.140615
   -6.706    1.607    4.626    4.626    5.916    8.509    8.509    9.524
            0.141787 -0.141787  0.141787
   -6.733    1.727    4.654    4.654    5.936    8.474    8.474    9.412
            0.142959 -0.142959  0.142959
   -6.760    1.848    4.682    4.682    5.955    8.438    8.438    9.303
            0.144131 -0.144131  0.144131
   -6.786    1.970    4.710    4.710    5.972    8.401    8.401    9.194
            0.145303 -0.145303  0.145303
   -6.811    2.092    4.739    4.739    5.988    8.364    8.364    9.088
            0.146474 -0.146474  0.146474
   -6.835    2.215    4.767    4.767    6.001    8.327    8.327    8.983
            0.147646 -0.147646  0.147646
   -6.858    2.338    4.795    4.795    6.013    8.289    8.289    8.881
            0.148818 -0.148818  0.148818
   -6.880    2.462    4.823    4.823    6.022    8.251    8.251    8.781
            0.149990 -0.149990  0.149990
   -6.901    2.586    4.851    4.851    6.028    8.213    8.213    8.683
            0.151162 -0.151162  0.151162
   -6.921    2.710    4.878    4.878    6.030    8.176    8.176    8.589
            0.152333 -0.152333  0.152333
   -6.940    2.834    4.905    4.905    6.029    8.139    8.139    8.498
            0.153505 -0.153505  0.153505
   -6.958    2.958    4.932    4.932    6.023    8.102    8.102    8.412
            0.154677 -0.154677  0.154677
   -6.975    3.082    4.958    4.958    6.013    8.067    8.067    8.329
            0.155849 -0.155849  0.155849
   -6.991    3.206    4.983    4.983    5.997    8.032    8.032    8.251
            0.157021 -0.157021  0.157021
   -7.006    3.330    5.007    5.007    5.975    7.998    7.998    8.179
            0.158192 -0.158192  0.158192
   -7.020    3.453    5.031    5.031    5.947    7.966    7.966    8.112
            0.159364 -0.159364  0.159364
   -7.033    3.576    5.053    5.053    5.913    7.935    7.935    8.051
            0.160536 -0.160536  0.160536
   -7.045    3.698    5.074    5.074    5.872    7.906    7.906    7.995
            0.161708 -0.161708  0.161708
   -7.056    3.819    5.094    5.094    5.824    7.879    7.879    7.946
            0.162880 -0.162880  0.162880
   -7.065    3.939    5.112    5.112    5.770    7.853    7.853    7.903
            0.164051 -0.164051  0.164051
   -7.074    4.058    5.129    5.129    5.710    7.830    7.830    7.865
            0.165223 -0.165223  0.165223
   -7.082    4.174    5.144    5.144    5.643    7.809    7.809    7.833
            0.166395 -0.166395  0.166395
   -7.089    4.289    5.157    5.157    5.572    7.791    7.791    7.807
            0.167567 -0.167567  0.167567
   -7.094    4.400    5.169    5.169    5.496    7.776    7.776    7.785
            0.168739 -0.168739  0.168739
   -7.099    4.507    5.178    5.178    5.418    7.763    7.763    7.768
            0.169910 -0.169910  0.169910
   -7.102    4.606    5.186    5.186    5.340    7.753    7.753    7.755
            0.171082 -0.171082  0.171082
   -7.105    4.694    5.191    5.191    5.268    7.745    7.745    7.747
            0.172254 -0.172254  0.172254
   -7.106    4.757    5.194    5.194    5.213    7.741    7.741    7.742
            0.173426 -0.173426  0.173426
   -7.107    4.777    5.195    5.195    5.195    7.740    7.740    7.740
            0.174598 -0.174598  0.174598
   -7.106    4.745    5.193    5.193    5.224    7.742    7.742    7.742
            0.175769 -0.175769  0.175769
   -7.104    4.674    5.190    5.190    5.285    7.747    7.747    7.748
            0.176941 -0.176941  0.176941
   -7.102    4.583    5.184    5.184    5.359    7.755    7.755    7.758
            0.178113 -0.178113  0.178113
   -7.098    4.481    5.176    5.176    5.437    7.766    7.766    7.772
            0.179285 -0.179285  0.179285
   -7.093    4.373    5.166    5.166    5.515    7.779    7.779    7.790
            0.180457 -0.180457  0.180457
   -7.087    4.261    5.154    5.154    5.590    7.795    7.795    7.813
            0.181628 -0.181628  0.181628
   -7.080    4.146    5.141    5.141    5.660    7.814    7.814    7.841
            0.182800 -0.182800  0.182800
   -7.072    4.028    5.125    5.125    5.725    7.836    7.836    7.874
            0.183972 -0.183972  0.183972
   -7.063    3.909    5.108    5.108    5.784    7.859    7.859    7.913
            0.185144 -0.185144  0.185144
   -7.053    3.789    5.089    5.089    5.837    7.885    7.885    7.958
            0.186315 -0.186315  0.186315
   -7.042    3.667    5.069    5.069    5.883    7.913    7.913    8.008
            0.187487 -0.187487  0.187487
   -7.030    3.545    5.047    5.047    5.922    7.943    7.943    8.065
            0.188659 -0.188659  0.188659
   -7.016    3.422    5.025    5.025    5.955    7.974    7.974    8.128
