    0  0.544375784715  0.544375784715  0.544375784715 
    1  0.540459412163  0.540459412163  0.540459412163 
    2  0.536543039611  0.536543039611  0.536543039611 
    3  0.532626667059  0.532626667059  0.532626667059 
    4  0.528710294507  0.528710294507  0.528710294507 
    5  0.524793921955  0.524793921955  0.524793921955 
    6  0.520877549403  0.520877549403  0.520877549403 
    7  0.516961176852  0.516961176852  0.516961176852 
    8  0.513044804300  0.513044804300  0.513044804300 
    9  0.509128431748  0.509128431748  0.509128431748 
   10  0.505212059196  0.505212059196  0.505212059196 
   11  0.501295686644  0.501295686644  0.501295686644 
   12  0.497379314092  0.497379314092  0.497379314092 
   13  0.493462941540  0.493462941540  0.493462941540 
   14  0.489546568988  0.489546568988  0.489546568988 
   15  0.485630196436  0.485630196436  0.485630196436 
   16  0.481713823884  0.481713823884  0.481713823884 
   17  0.477797451333  0.477797451333  0.477797451333 
   18  0.473881078781  0.473881078781  0.473881078781 
   19  0.469964706229  0.469964706229  0.469964706229 
   20  0.466048333677  0.466048333677  0.466048333677 
   21  0.462131961125  0.462131961125  0.462131961125 
   22  0.458215588573  0.458215588573  0.458215588573 
   23  0.454299216021  0.454299216021  0.454299216021 
   24  0.450382843469  0.450382843469  0.450382843469 
   25  0.446466470917  0.446466470917  0.446466470917 
   26  0.442550098365  0.442550098365  0.442550098365 
   27  0.438633725813  0.438633725813  0.438633725813 
   28  0.434717353262  0.434717353262  0.434717353262 
   29  0.430800980710  0.430800980710  0.430800980710 
   30  0.426884608158  0.426884608158  0.426884608158 
   31  0.422968235606  0.422968235606  0.422968235606 
   32  0.419051863054  0.419051863054  0.419051863054 
   33  0.415135490502  0.415135490502  0.415135490502 
   34  0.411219117950  0.411219117950  0.411219117950 
   35  0.407302745398  0.407302745398  0.407302745398 
   36  0.403386372846  0.403386372846  0.403386372846 
   37  0.399470000294  0.399470000294  0.399470000294 
   38  0.395553627742  0.395553627742  0.395553627742 
   39  0.391637255191  0.391637255191  0.391637255191 
   40  0.387720882639  0.387720882639  0.387720882639 
   41  0.383804510087  0.383804510087  0.383804510087 
   42  0.379888137535  0.379888137535  0.379888137535 
   43  0.375971764983  0.375971764983  0.375971764983 
   44  0.372055392431  0.372055392431  0.372055392431 
   45  0.368139019879  0.368139019879  0.368139019879 
   46  0.364222647327  0.364222647327  0.364222647327 
   47  0.360306274775  0.360306274775  0.360306274775 
   48  0.356389902223  0.356389902223  0.356389902223 
   49  0.352473529672  0.352473529672  0.352473529672 
   50  0.348557157120  0.348557157120  0.348557157120 
   51  0.344640784568  0.344640784568  0.344640784568 
   52  0.340724412016  0.340724412016  0.340724412016 
   53  0.336808039464  0.336808039464  0.336808039464 
   54  0.332891666912  0.332891666912  0.332891666912 
   55  0.328975294360  0.328975294360  0.328975294360 
   56  0.325058921808  0.325058921808  0.325058921808 
   57  0.321142549256  0.321142549256  0.321142549256 
   58  0.317226176704  0.317226176704  0.317226176704 
   59  0.313309804152  0.313309804152  0.313309804152 
   60  0.309393431601  0.309393431601  0.309393431601 
   61  0.305477059049  0.305477059049  0.305477059049 
   62  0.301560686497  0.301560686497  0.301560686497 
   63  0.297644313945  0.297644313945  0.297644313945 
   64  0.293727941393  0.293727941393  0.293727941393 
   65  0.289811568841  0.289811568841  0.289811568841 
   66  0.285895196289  0.285895196289  0.285895196289 
   67  0.281978823737  0.281978823737  0.281978823737 
   68  0.278062451185  0.278062451185  0.278062451185 
   69  0.274146078633  0.274146078633  0.274146078633 
   70  0.270229706082  0.270229706082  0.270229706082 
   71  0.266313333530  0.266313333530  0.266313333530 
   72  0.262396960978  0.262396960978  0.262396960978 
   73  0.258480588426  0.258480588426  0.258480588426 
   74  0.254564215874  0.254564215874  0.254564215874 
   75  0.250647843322  0.250647843322  0.250647843322 
   76  0.246731470770  0.246731470770  0.246731470770 
   77  0.242815098218  0.242815098218  0.242815098218 
   78  0.238898725666  0.238898725666  0.238898725666 
   79  0.234982353114  0.234982353114  0.234982353114 
   80  0.231065980562  0.231065980562  0.231065980562 
   81  0.227149608011  0.227149608011  0.227149608011 
   82  0.223233235459  0.223233235459  0.223233235459 
   83  0.219316862907  0.219316862907  0.219316862907 
   84  0.215400490355  0.215400490355  0.215400490355 
   85  0.211484117803  0.211484117803  0.211484117803 
   86  0.207567745251  0.207567745251  0.207567745251 
   87  0.203651372699  0.203651372699  0.203651372699 
   88  0.199735000147  0.199735000147  0.199735000147 
   89  0.195818627595  0.195818627595  0.195818627595 
   90  0.191902255043  0.191902255043  0.191902255043 
   91  0.187985882491  0.187985882491  0.187985882491 
   92  0.184069509940  0.184069509940  0.184069509940 
   93  0.180153137388  0.180153137388  0.180153137388 
   94  0.176236764836  0.176236764836  0.176236764836 
   95  0.172320392284  0.172320392284  0.172320392284 
   96  0.168404019732  0.168404019732  0.168404019732 
   97  0.164487647180  0.164487647180  0.164487647180 
   98  0.160571274628  0.160571274628  0.160571274628 
   99  0.156654902076  0.156654902076  0.156654902076 
  100  0.152738529524  0.152738529524  0.152738529524 
  101  0.148822156972  0.148822156972  0.148822156972 
  102  0.144905784421  0.144905784421  0.144905784421 
  103  0.140989411869  0.140989411869  0.140989411869 
  104  0.137073039317  0.137073039317  0.137073039317 
  105  0.133156666765  0.133156666765  0.133156666765 
  106  0.129240294213  0.129240294213  0.129240294213 
  107  0.125323921661  0.125323921661  0.125323921661 
  108  0.121407549109  0.121407549109  0.121407549109 
  109  0.117491176557  0.117491176557  0.117491176557 
  110  0.113574804005  0.113574804005  0.113574804005 
  111  0.109658431453  0.109658431453  0.109658431453 
  112  0.105742058901  0.105742058901  0.105742058901 
  113  0.101825686350  0.101825686350  0.101825686350 
  114  0.097909313798  0.097909313798  0.097909313798 
  115  0.093992941246  0.093992941246  0.093992941246 
  116  0.090076568694  0.090076568694  0.090076568694 
  117  0.086160196142  0.086160196142  0.086160196142 
  118  0.082243823590  0.082243823590  0.082243823590 
  119  0.078327451038  0.078327451038  0.078327451038 
  120  0.074411078486  0.074411078486  0.074411078486 
  121  0.070494705934  0.070494705934  0.070494705934 
  122  0.066578333382  0.066578333382  0.066578333382 
  123  0.062661960830  0.062661960830  0.062661960830 
  124  0.058745588279  0.058745588279  0.058745588279 
  125  0.054829215727  0.054829215727  0.054829215727 
  126  0.050912843175  0.050912843175  0.050912843175 
  127  0.046996470623  0.046996470623  0.046996470623 
  128  0.043080098071  0.043080098071  0.043080098071 
  129  0.039163725519  0.039163725519  0.039163725519 
  130  0.035247352967  0.035247352967  0.035247352967 
  131  0.031330980415  0.031330980415  0.031330980415 
  132  0.027414607863  0.027414607863  0.027414607863 
  133  0.023498235311  0.023498235311  0.023498235311 
  134  0.019581862760  0.019581862760  0.019581862760 
  135  0.015665490208  0.015665490208  0.015665490208 
  136  0.011749117656  0.011749117656  0.011749117656 
  137  0.007832745104  0.007832745104  0.007832745104 
  138  0.003916372552  0.003916372552  0.003916372552 
  139  0.000000000000  0.000000000000  0.000000000000 
  140  0.000000000000  0.006762432108  0.000000000000 
  141  0.000000000000  0.013524864217  0.000000000000 
  142  0.000000000000  0.020287296325  0.000000000000 
  143  0.000000000000  0.027049728433  0.000000000000 
  144  0.000000000000  0.033812160541  0.000000000000 
  145  0.000000000000  0.040574592650  0.000000000000 
  146  0.000000000000  0.047337024758  0.000000000000 
  147  0.000000000000  0.054099456866  0.000000000000 
  148  0.000000000000  0.060861888974  0.000000000000 
  149  0.000000000000  0.067624321083  0.000000000000 
  150  0.000000000000  0.074386753191  0.000000000000 
  151  0.000000000000  0.081149185299  0.000000000000 
  152  0.000000000000  0.087911617407  0.000000000000 
  153  0.000000000000  0.094674049516  0.000000000000 
  154  0.000000000000  0.101436481624  0.000000000000 
  155  0.000000000000  0.108198913732  0.000000000000 
  156  0.000000000000  0.114961345840  0.000000000000 
  157  0.000000000000  0.121723777949  0.000000000000 
  158  0.000000000000  0.128486210057  0.000000000000 
  159  0.000000000000  0.135248642165  0.000000000000 
  160  0.000000000000  0.142011074273  0.000000000000 
  161  0.000000000000  0.148773506382  0.000000000000 
  162  0.000000000000  0.155535938490  0.000000000000 
  163  0.000000000000  0.162298370598  0.000000000000 
  164  0.000000000000  0.169060802706  0.000000000000 
  165  0.000000000000  0.175823234815  0.000000000000 
  166  0.000000000000  0.182585666923  0.000000000000 
  167  0.000000000000  0.189348099031  0.000000000000 
  168  0.000000000000  0.196110531140  0.000000000000 
  169  0.000000000000  0.202872963248  0.000000000000 
  170  0.000000000000  0.209635395356  0.000000000000 
  171  0.000000000000  0.216397827464  0.000000000000 
  172  0.000000000000  0.223160259573  0.000000000000 
  173  0.000000000000  0.229922691681  0.000000000000 
  174  0.000000000000  0.236685123789  0.000000000000 
  175  0.000000000000  0.243447555897  0.000000000000 
  176  0.000000000000  0.250209988006  0.000000000000 
  177  0.000000000000  0.256972420114  0.000000000000 
  178  0.000000000000  0.263734852222  0.000000000000 
  179  0.000000000000  0.270497284330  0.000000000000 
  180  0.000000000000  0.277259716439  0.000000000000 
  181  0.000000000000  0.284022148547  0.000000000000 
  182  0.000000000000  0.290784580655  0.000000000000 
  183  0.000000000000  0.297547012763  0.000000000000 
  184  0.000000000000  0.304309444872  0.000000000000 
  185  0.000000000000  0.311071876980  0.000000000000 
  186  0.000000000000  0.317834309088  0.000000000000 
  187  0.000000000000  0.324596741196  0.000000000000 
  188  0.000000000000  0.331359173305  0.000000000000 
  189  0.000000000000  0.338121605413  0.000000000000 
  190  0.000000000000  0.344884037521  0.000000000000 
  191  0.000000000000  0.351646469630  0.000000000000 
  192  0.000000000000  0.358408901738  0.000000000000 
  193  0.000000000000  0.365171333846  0.000000000000 
  194  0.000000000000  0.371933765954  0.000000000000 
  195  0.000000000000  0.378696198063  0.000000000000 
  196  0.000000000000  0.385458630171  0.000000000000 
  197  0.000000000000  0.392221062279  0.000000000000 
  198  0.000000000000  0.398983494387  0.000000000000 
  199  0.000000000000  0.405745926496  0.000000000000 
  200  0.000000000000  0.412508358604  0.000000000000 
  201  0.000000000000  0.419270790712  0.000000000000 
  202  0.000000000000  0.426033222820  0.000000000000 
  203  0.000000000000  0.432795654929  0.000000000000 
  204  0.000000000000  0.439558087037  0.000000000000 
  205  0.000000000000  0.446320519145  0.000000000000 
  206  0.000000000000  0.453082951253  0.000000000000 
  207  0.000000000000  0.459845383362  0.000000000000 
  208  0.000000000000  0.466607815470  0.000000000000 
  209  0.000000000000  0.473370247578  0.000000000000 
  210  0.000000000000  0.480132679686  0.000000000000 
  211  0.000000000000  0.486895111795  0.000000000000 
  212  0.000000000000  0.493657543903  0.000000000000 
  213  0.000000000000  0.500419976011  0.000000000000 
  214  0.000000000000  0.507182408119  0.000000000000 
  215  0.000000000000  0.513944840228  0.000000000000 
  216  0.000000000000  0.520707272336  0.000000000000 
  217  0.000000000000  0.527469704444  0.000000000000 
  218  0.000000000000  0.534232136553  0.000000000000 
  219  0.000000000000  0.540994568661  0.000000000000 
  220  0.000000000000  0.547757000769  0.000000000000 
  221  0.000000000000  0.554519432877  0.000000000000 
  222  0.000000000000  0.561281864986  0.000000000000 
  223  0.000000000000  0.568044297094  0.000000000000 
  224  0.000000000000  0.574806729202  0.000000000000 
  225  0.000000000000  0.581569161310  0.000000000000 
  226  0.000000000000  0.588331593419  0.000000000000 
  227  0.000000000000  0.595094025527  0.000000000000 
  228  0.000000000000  0.601856457635  0.000000000000 
  229  0.000000000000  0.608618889743  0.000000000000 
  230  0.000000000000  0.615381321852  0.000000000000 
  231  0.000000000000  0.622143753960  0.000000000000 
  232  0.000000000000  0.628906186068  0.000000000000 
  233  0.000000000000  0.635668618176  0.000000000000 
  234  0.000000000000  0.642431050285  0.000000000000 
  235  0.000000000000  0.649193482393  0.000000000000 
  236  0.000000000000  0.655955914501  0.000000000000 
  237  0.000000000000  0.662718346609  0.000000000000 
  238  0.000000000000  0.669480778718  0.000000000000 
  239  0.000000000000  0.676243210826  0.000000000000 
  240  0.000000000000  0.683005642934  0.000000000000 
  241  0.000000000000  0.689768075043  0.000000000000 
  242  0.000000000000  0.696530507151  0.000000000000 
  243  0.000000000000  0.703292939259  0.000000000000 
  244  0.000000000000  0.710055371367  0.000000000000 
  245  0.000000000000  0.716817803476  0.000000000000 
  246  0.000000000000  0.723580235584  0.000000000000 
  247  0.000000000000  0.730342667692  0.000000000000 
  248  0.000000000000  0.737105099800  0.000000000000 
  249  0.000000000000  0.743867531909  0.000000000000 
  250  0.000000000000  0.750629964017  0.000000000000 
  251  0.000000000000  0.757392396125  0.000000000000 
  252  0.000000000000  0.764154828233  0.000000000000 
  253  0.000000000000  0.770917260342  0.000000000000 
  254  0.000000000000  0.777679692450  0.000000000000 
  255  0.000000000000  0.784442124558  0.000000000000 
  256  0.000000000000  0.791204556666  0.000000000000 
  257  0.000000000000  0.797966988775  0.000000000000 
  258  0.000000000000  0.804729420883  0.000000000000 
  259  0.000000000000  0.811491852991  0.000000000000 
  260  0.000000000000  0.818254285099  0.000000000000 
  261  0.000000000000  0.825016717208  0.000000000000 
  262  0.000000000000  0.831779149316  0.000000000000 
  263  0.000000000000  0.838541581424  0.000000000000 
  264  0.000000000000  0.845304013532  0.000000000000 
  265  0.000000000000  0.852066445641  0.000000000000 
  266  0.000000000000  0.858828877749  0.000000000000 
  267  0.000000000000  0.865591309857  0.000000000000 
  268  0.000000000000  0.872353741966  0.000000000000 
  269  0.000000000000  0.879116174074  0.000000000000 
  270  0.000000000000  0.885878606182  0.000000000000 
  271  0.000000000000  0.892641038290  0.000000000000 
  272  0.000000000000  0.899403470399  0.000000000000 
  273  0.000000000000  0.906165902507  0.000000000000 
  274  0.000000000000  0.912928334615  0.000000000000 
  275  0.000000000000  0.919690766723  0.000000000000 
  276  0.000000000000  0.926453198832  0.000000000000 
  277  0.000000000000  0.933215630940  0.000000000000 
  278  0.000000000000  0.939978063048  0.000000000000 
  279  0.000000000000  0.946740495156  0.000000000000 
  280  0.000000000000  0.953502927265  0.000000000000 
  281  0.000000000000  0.960265359373  0.000000000000 
  282  0.000000000000  0.967027791481  0.000000000000 
  283  0.000000000000  0.973790223589  0.000000000000 
  284  0.000000000000  0.980552655698  0.000000000000 
  285  0.000000000000  0.987315087806  0.000000000000 
  286  0.000000000000  0.994077519914  0.000000000000 
  287  0.000000000000  1.000839952022  0.000000000000 
  288  0.000000000000  1.007602384131  0.000000000000 
  289  0.000000000000  1.014364816239  0.000000000000 
  290  0.000000000000  1.021127248347  0.000000000000 
  291  0.000000000000  1.027889680455  0.000000000000 
  292  0.000000000000  1.034652112564  0.000000000000 
  293  0.000000000000  1.041414544672  0.000000000000 
  294  0.000000000000  1.048176976780  0.000000000000 
  295  0.000000000000  1.054939408889  0.000000000000 
  296  0.000000000000  1.061701840997  0.000000000000 
  297  0.000000000000  1.068464273105  0.000000000000 
  298  0.000000000000  1.075226705213  0.000000000000 
  299  0.000000000000  1.081989137322  0.000000000000 
  300  0.000000000000  1.088751569430  0.000000000000 
