 &plot nbnd=   8, nks=    31 /
            0.094330  0.094330  0.094330
   -5.258   -2.004    3.915    3.915    5.244    8.902    8.902   12.456
            0.087592  0.087592  0.087592
   -5.182   -2.126    3.900    3.900    5.228    8.897    8.897   12.438
            0.080854  0.080854  0.080854
   -5.225   -2.057    3.909    3.909    5.237    8.900    8.900   12.448
            0.074116  0.074116  0.074116
   -5.372   -1.813    3.942    3.942    5.271    8.911    8.911   12.480
            0.067378  0.067378  0.067378
   -5.584   -1.435    3.998    3.998    5.330    8.922    8.922   12.488
            0.060640  0.060640  0.060640
   -5.822   -0.960    4.079    4.079    5.413    8.923    8.923   12.245
            0.053903  0.053903  0.053903
   -6.063   -0.414    4.181    4.181    5.517    8.898    8.898   11.649
            0.047165  0.047165  0.047165
   -6.292    0.186    4.305    4.305    5.638    8.831    8.831   10.968
            0.040427  0.040427  0.040427
   -6.500    0.827    4.446    4.446    5.769    8.710    8.710   10.285
            0.033689  0.033689  0.033689
   -6.681    1.502    4.601    4.601    5.898    8.538    8.538    9.622
            0.026951  0.026951  0.026951
   -6.832    2.200    4.763    4.763    6.000    8.331    8.331    8.996
            0.020213  0.020213  0.020213
   -6.951    2.911    4.922    4.922    6.026    8.116    8.116    8.444
            0.013476  0.013476  0.013476
   -7.037    3.622    5.061    5.061    5.898    7.924    7.924    8.029
            0.006738  0.006738  0.006738
   -7.089    4.303    5.159    5.159    5.562    7.789    7.789    7.804
            0.000000  0.000000  0.000000
   -7.107    4.778    5.195    5.195    5.195    7.740    7.740    7.740
            0.011791  0.011791 -0.011791
   -7.054    3.796    5.090    5.090    5.834    7.884    7.884    7.955
            0.023582  0.023582 -0.023582
   -6.896    2.555    4.844    4.844    6.027    8.223    8.223    8.707
            0.035374  0.035374 -0.035374
   -6.638    1.331    4.562    4.562    5.867    8.585    8.585    9.785
            0.047165  0.047165 -0.047165
   -6.292    0.186    4.305    4.305    5.638    8.831    8.831   10.968
            0.058956  0.058956 -0.058956
   -5.883   -0.829    4.102    4.102    5.437    8.920    8.920   12.116
            0.070747  0.070747 -0.070747
   -5.472   -1.638    3.967    3.967    5.298    8.917    8.917   12.494
            0.082538  0.082538 -0.082538
   -5.203   -2.092    3.904    3.904    5.232    8.898    8.898   12.443
            0.094330  0.094330 -0.094330
   -5.258   -2.004    3.915    3.915    5.244    8.902    8.902   12.456
            0.106121  0.106121 -0.106121
   -5.591   -1.421    4.001    4.001    5.333    8.922    8.922   12.486
            0.117912  0.117912 -0.117912
   -6.011   -0.538    4.157    4.157    5.492    8.907    8.907   11.792
            0.129703  0.129703 -0.129703
   -6.406    0.523    4.378    4.378    5.707    8.773    8.773   10.603
            0.141494  0.141494 -0.141494
   -6.727    1.697    4.647    4.647    5.931    8.482    8.482    9.440
            0.153286  0.153286 -0.153286
   -6.955    2.935    4.927    4.927    6.025    8.109    8.109    8.428
            0.165077  0.165077 -0.165077
   -7.081    4.160    5.142    5.142    5.652    7.812    7.812    7.837
            0.176868  0.176868 -0.176868
   -7.102    4.589    5.184    5.184    5.354    7.754    7.754    7.757
            0.188659  0.188659 -0.188659
   -7.016    3.422    5.025    5.025    5.955    7.974    7.974    8.128
