    0  0.544375784715  0.544375784715  0.544375784715 
    1  0.505491800092  0.505491800092  0.505491800092 
    2  0.466607815470  0.466607815470  0.466607815470 
    3  0.427723830847  0.427723830847  0.427723830847 
    4  0.388839846225  0.388839846225  0.388839846225 
    5  0.349955861602  0.349955861602  0.349955861602 
    6  0.311071876980  0.311071876980  0.311071876980 
    7  0.272187892357  0.272187892357  0.272187892357 
    8  0.233303907735  0.233303907735  0.233303907735 
    9  0.194419923112  0.194419923112  0.194419923112 
   10  0.155535938490  0.155535938490  0.155535938490 
   11  0.116651953867  0.116651953867  0.116651953867 
   12  0.077767969245  0.077767969245  0.077767969245 
   13  0.038883984622  0.038883984622  0.038883984622 
   14  0.000000000000  0.000000000000  0.000000000000 
   15  0.000000000000  0.000000000000  0.068046973089 
   16  0.000000000000  0.000000000000  0.136093946179 
   17  0.000000000000  0.000000000000  0.204140919268 
   18  0.000000000000  0.000000000000  0.272187892357 
   19  0.000000000000  0.000000000000  0.340234865447 
   20  0.000000000000  0.000000000000  0.408281838536 
   21  0.000000000000  0.000000000000  0.476328811626 
   22  0.000000000000  0.000000000000  0.544375784715 
   23  0.000000000000  0.000000000000  0.612422757804 
   24  0.000000000000  0.000000000000  0.680469730894 
   25  0.000000000000  0.000000000000  0.748516703983 
   26  0.000000000000  0.000000000000  0.816563677072 
   27  0.000000000000  0.000000000000  0.884610650162 
   28  0.000000000000  0.000000000000  0.952657623251 
   29  0.000000000000  0.000000000000  1.020704596340 
   30  0.000000000000  0.000000000000  1.088751569430 
