   2.00669906543907      -0.472372149780736      -1.257674520083185E-017
  2.470591675009286E-018 -6.866566126295648E-018  5.637851296924623E-018
 -2.569712908603851E-018  1.425101595023233E-018  6.964714207904962E-002
 -2.507217523872729E-018  1.846749884369298E-020 -1.613838315858686E-018
  3.035766082959412E-018 -2.571079783618839E-020  8.887596279768561E-019
   2.35632030139486      -4.664242166734662E-015  3.420656584924361E-016
  -1.56877413098601       1.566199390414853E-015 -1.126282313306230E-016
   2.35632030139486      -1.699867476753985E-015  1.566199390414853E-015
  -1.56877413098601       5.544664854261379E-016   2.35632030139486     
 -1.056895663108774E-016  5.614060398051784E-016  -1.56877413098601     
  0.286765840885634      -5.724643408076572E-016  3.798366798508247E-017
  0.286765840885634      -1.936663633721732E-016  0.286765840885634     
   2.00667103734422      -0.472272411783667       1.127570259384925E-017
 -2.470754930344949E-018  5.131723929751899E-018 -6.505213034913027E-018
  1.702487816772001E-018 -2.292448012763377E-018  6.963918044615548E-002
  2.500441260294695E-018 -1.839657532772141E-020  1.599551325533206E-018
 -2.927345865710862E-018  4.593345605719665E-019 -1.322468608026085E-018
   2.35624868183573      -4.665107243915035E-015  3.438028649942610E-016
  -1.56858339541962       1.562726766734812E-015 -1.056923909035239E-016
   2.35624868183573      -1.699865208338170E-015  1.562726766734812E-015
  -1.56858339541962       5.561986671755997E-016   2.35624868183573     
 -1.126314524269199E-016  5.544648022578002E-016  -1.56858339541962     
  0.286712408468189      -5.724627093634886E-016  3.798531246927954E-017
  0.286712408468189      -1.932312797102778E-016  0.286712408468188     
