   1.98269813823220      -0.414481370555188      -1.387778780781446E-017
  2.948166683560871E-018 -4.348622497484583E-018  5.204170427930421E-018
 -1.914204776343747E-018  1.780264116930839E-018  6.200455437113623E-002
 -2.412349833780247E-018 -8.306292628445402E-019 -1.292539821072197E-018
  1.897353801849633E-018 -7.769232452571016E-019  1.752417604424298E-018
   2.18921557782525      -4.904735546377975E-015  1.138689362853225E-015
  -1.41737791034019       1.599065289444118E-015 -3.766837577168841E-016
   2.18921557782525      -2.526008050700594E-015  1.597330565968142E-015
  -1.41737791034019       8.070562709477423E-016   2.18921557782525     
 -3.766840329649148E-016  8.079238031792708E-016  -1.41737791034019     
  0.252710511042884      -5.718431021271807E-016  1.380871292835256E-016
  0.252710511042884      -2.806493548508899E-016  0.252710511042884     
   1.98267577730655      -0.414382605949700       1.474514954580286E-017
 -2.948129074771900E-018  3.481229215911275E-018 -4.770489558936220E-018
  1.914151881300829E-018 -1.346782857970496E-018  6.199789881592872E-002
  2.412349833780247E-018  8.306443486523007E-019  1.292587799730706E-018
 -2.114194236346734E-018  7.769070298444867E-019 -1.318724398892066E-018
   2.18918556853574      -4.903867337557329E-015  1.142157917972748E-015
  -1.41723359023618       1.595594251595138E-015 -3.732133492371041E-016
   2.18918556853574      -2.522538562639803E-015  1.600798422023069E-015
  -1.41723359023618       8.061856552418552E-016   2.18918556853574     
 -3.732134298613951E-016  8.113899620933951E-016  -1.41723359023618     
  0.252671923592267      -5.718423208370673E-016  1.363520324245489E-016
  0.252671923592268      -2.806473031545350E-016  0.252671923592268     
