 &plot nbnd=   7, nks=   500 /
            0.088715  0.088715  0.088715
   -5.123   -3.116    4.087    4.087    5.867    9.525    9.525
            0.088393  0.088393  0.088393
   -5.124   -3.116    4.087    4.087    5.867    9.525    9.525
            0.088070  0.088070  0.088070
   -5.125   -3.114    4.087    4.087    5.867    9.525    9.525
            0.087748  0.087748  0.087748
   -5.127   -3.112    4.088    4.088    5.867    9.525    9.525
            0.087425  0.087425  0.087425
   -5.129   -3.109    4.088    4.088    5.868    9.525    9.525
            0.087102  0.087102  0.087102
   -5.132   -3.105    4.088    4.088    5.868    9.525    9.525
            0.086780  0.086780  0.086780
   -5.136   -3.099    4.088    4.088    5.868    9.525    9.525
            0.086457  0.086457  0.086457
   -5.141   -3.094    4.089    4.089    5.869    9.525    9.525
            0.086135  0.086135  0.086135
   -5.146   -3.087    4.089    4.089    5.869    9.526    9.526
            0.085812  0.085812  0.085812
   -5.151   -3.079    4.090    4.090    5.870    9.526    9.526
            0.085489  0.085489  0.085489
   -5.158   -3.070    4.090    4.090    5.870    9.526    9.526
            0.085167  0.085167  0.085167
   -5.165   -3.061    4.091    4.091    5.871    9.526    9.526
            0.084844  0.084844  0.084844
   -5.173   -3.051    4.092    4.092    5.871    9.527    9.527
            0.084522  0.084522  0.084522
   -5.181   -3.040    4.092    4.092    5.872    9.527    9.527
            0.084199  0.084199  0.084199
   -5.190   -3.028    4.093    4.093    5.873    9.527    9.527
            0.083876  0.083876  0.083876
   -5.199   -3.016    4.094    4.094    5.874    9.528    9.528
            0.083554  0.083554  0.083554
   -5.209   -3.002    4.095    4.095    5.875    9.528    9.528
            0.083231  0.083231  0.083231
   -5.219   -2.988    4.096    4.096    5.876    9.529    9.529
            0.082909  0.082909  0.082909
   -5.230   -2.974    4.097    4.097    5.877    9.529    9.529
            0.082586  0.082586  0.082586
   -5.241   -2.958    4.098    4.098    5.878    9.530    9.530
            0.082263  0.082263  0.082263
   -5.253   -2.942    4.100    4.100    5.879    9.530    9.530
            0.081941  0.081941  0.081941
   -5.265   -2.926    4.101    4.101    5.881    9.531    9.531
            0.081618  0.081618  0.081618
   -5.277   -2.908    4.102    4.102    5.882    9.531    9.531
            0.081296  0.081296  0.081296
   -5.290   -2.891    4.103    4.103    5.883    9.532    9.532
            0.080973  0.080973  0.080973
   -5.304   -2.872    4.105    4.105    5.885    9.532    9.532
            0.080650  0.080650  0.080650
   -5.317   -2.853    4.106    4.106    5.886    9.533    9.533
            0.080328  0.080328  0.080328
   -5.331   -2.834    4.108    4.108    5.888    9.533    9.533
            0.080005  0.080005  0.080005
   -5.345   -2.814    4.110    4.110    5.890    9.534    9.534
            0.079683  0.079683  0.079683
   -5.359   -2.793    4.111    4.111    5.891    9.535    9.535
            0.079360  0.079360  0.079360
   -5.374   -2.772    4.113    4.113    5.893    9.535    9.535
            0.079037  0.079037  0.079037
   -5.389   -2.751    4.115    4.115    5.895    9.536    9.536
            0.078715  0.078715  0.078715
   -5.404   -2.729    4.117    4.117    5.897    9.537    9.537
            0.078392  0.078392  0.078392
   -5.419   -2.707    4.119    4.119    5.899    9.538    9.538
            0.078070  0.078070  0.078070
   -5.435   -2.684    4.121    4.121    5.901    9.538    9.538
            0.077747  0.077747  0.077747
   -5.451   -2.661    4.123    4.123    5.903    9.539    9.539
            0.077424  0.077424  0.077424
   -5.467   -2.637    4.125    4.125    5.905    9.540    9.540
            0.077102  0.077102  0.077102
   -5.483   -2.613    4.127    4.127    5.907    9.541    9.541
            0.076779  0.076779  0.076779
   -5.499   -2.589    4.129    4.129    5.910    9.541    9.541
            0.076457  0.076457  0.076457
   -5.515   -2.564    4.131    4.131    5.912    9.542    9.542
            0.076134  0.076134  0.076134
   -5.531   -2.540    4.134    4.134    5.914    9.543    9.543
            0.075811  0.075811  0.075811
   -5.548   -2.514    4.136    4.136    5.917    9.544    9.544
            0.075489  0.075489  0.075489
   -5.564   -2.489    4.139    4.139    5.919    9.545    9.545
            0.075166  0.075166  0.075166
   -5.581   -2.463    4.141    4.141    5.922    9.545    9.545
            0.074844  0.074844  0.074844
   -5.598   -2.437    4.144    4.144    5.924    9.546    9.546
            0.074521  0.074521  0.074521
   -5.614   -2.410    4.147    4.147    5.927    9.547    9.547
            0.074198  0.074198  0.074198
   -5.631   -2.384    4.149    4.149    5.930    9.548    9.548
            0.073876  0.073876  0.073876
   -5.648   -2.357    4.152    4.152    5.933    9.549    9.549
            0.073553  0.073553  0.073553
   -5.665   -2.329    4.155    4.155    5.936    9.550    9.550
            0.073231  0.073231  0.073231
   -5.682   -2.302    4.158    4.158    5.939    9.550    9.550
            0.072908  0.072908  0.072908
   -5.699   -2.274    4.161    4.161    5.942    9.551    9.551
            0.072585  0.072585  0.072585
   -5.715   -2.246    4.164    4.164    5.945    9.552    9.552
            0.072263  0.072263  0.072263
   -5.732   -2.218    4.167    4.167    5.948    9.553    9.553
            0.071940  0.071940  0.071940
   -5.749   -2.190    4.170    4.170    5.951    9.554    9.554
            0.071618  0.071618  0.071618
   -5.766   -2.161    4.173    4.173    5.954    9.555    9.555
            0.071295  0.071295  0.071295
   -5.783   -2.132    4.176    4.176    5.957    9.555    9.555
            0.070972  0.070972  0.070972
   -5.800   -2.103    4.180    4.180    5.961    9.556    9.556
            0.070650  0.070650  0.070650
   -5.816   -2.074    4.183    4.183    5.964    9.557    9.557
            0.070327  0.070327  0.070327
   -5.833   -2.045    4.186    4.186    5.968    9.558    9.558
            0.070005  0.070005  0.070005
   -5.850   -2.015    4.190    4.190    5.971    9.559    9.559
            0.069682  0.069682  0.069682
   -5.867   -1.985    4.194    4.194    5.975    9.559    9.559
            0.069359  0.069359  0.069359
   -5.883   -1.955    4.197    4.197    5.978    9.560    9.560
            0.069037  0.069037  0.069037
   -5.900   -1.925    4.201    4.201    5.982    9.561    9.561
            0.068714  0.068714  0.068714
   -5.916   -1.895    4.205    4.205    5.986    9.562    9.562
            0.068392  0.068392  0.068392
   -5.933   -1.865    4.208    4.208    5.990    9.562    9.562
            0.068069  0.068069  0.068069
   -5.949   -1.834    4.212    4.212    5.994    9.563    9.563
            0.067746  0.067746  0.067746
   -5.965   -1.803    4.216    4.216    5.998    9.563    9.563
            0.067424  0.067424  0.067424
   -5.981   -1.772    4.220    4.220    6.002    9.564    9.564
            0.067101  0.067101  0.067101
   -5.997   -1.741    4.224    4.224    6.006    9.565    9.565
            0.066779  0.066779  0.066779
   -6.013   -1.710    4.228    4.228    6.010    9.565    9.565
            0.066456  0.066456  0.066456
   -6.029   -1.679    4.232    4.232    6.014    9.566    9.566
            0.066133  0.066133  0.066133
   -6.045   -1.647    4.236    4.236    6.018    9.566    9.566
            0.065811  0.065811  0.065811
   -6.061   -1.616    4.241    4.241    6.023    9.567    9.567
            0.065488  0.065488  0.065488
   -6.077   -1.584    4.245    4.245    6.027    9.567    9.567
            0.065165  0.065165  0.065165
   -6.092   -1.552    4.249    4.249    6.032    9.567    9.567
            0.064843  0.064843  0.064843
   -6.107   -1.520    4.254    4.254    6.036    9.568    9.568
            0.064520  0.064520  0.064520
   -6.123   -1.488    4.258    4.258    6.041    9.568    9.568
            0.064198  0.064198  0.064198
   -6.138   -1.456    4.263    4.263    6.045    9.568    9.568
            0.063875  0.063875  0.063875
   -6.153   -1.424    4.267    4.267    6.050    9.568    9.568
            0.063552  0.063552  0.063552
   -6.168   -1.391    4.272    4.272    6.055    9.569    9.569
            0.063230  0.063230  0.063230
   -6.183   -1.359    4.277    4.277    6.059    9.569    9.569
            0.062907  0.062907  0.062907
   -6.198   -1.326    4.282    4.282    6.064    9.569    9.569
            0.062585  0.062585  0.062585
   -6.212   -1.293    4.286    4.286    6.069    9.569    9.569
            0.062262  0.062262  0.062262
   -6.227   -1.260    4.291    4.291    6.074    9.569    9.569
            0.061939  0.061939  0.061939
   -6.241   -1.227    4.296    4.296    6.079    9.569    9.569
            0.061617  0.061617  0.061617
   -6.255   -1.194    4.301    4.301    6.084    9.568    9.568
            0.061294  0.061294  0.061294
   -6.269   -1.161    4.306    4.306    6.089    9.568    9.568
            0.060972  0.060972  0.060972
   -6.283   -1.128    4.311    4.311    6.094    9.568    9.568
            0.060649  0.060649  0.060649
   -6.297   -1.095    4.317    4.317    6.100    9.567    9.567
            0.060326  0.060326  0.060326
   -6.311   -1.061    4.322    4.322    6.105    9.567    9.567
            0.060004  0.060004  0.060004
   -6.325   -1.028    4.327    4.327    6.110    9.567    9.567
            0.059681  0.059681  0.059681
   -6.338   -0.994    4.332    4.332    6.116    9.566    9.566
            0.059359  0.059359  0.059359
   -6.351   -0.960    4.338    4.338    6.121    9.565    9.565
            0.059036  0.059036  0.059036
   -6.364   -0.926    4.343    4.343    6.127    9.565    9.565
            0.058713  0.058713  0.058713
   -6.377   -0.892    4.349    4.349    6.132    9.564    9.564
            0.058391  0.058391  0.058391
   -6.390   -0.858    4.354    4.354    6.138    9.563    9.563
            0.058068  0.058068  0.058068
   -6.403   -0.824    4.360    4.360    6.143    9.562    9.562
            0.057746  0.057746  0.057746
   -6.416   -0.790    4.366    4.366    6.149    9.561    9.561
            0.057423  0.057423  0.057423
   -6.428   -0.756    4.371    4.371    6.155    9.560    9.560
            0.057100  0.057100  0.057100
   -6.440   -0.722    4.377    4.377    6.161    9.559    9.559
            0.056778  0.056778  0.056778
   -6.453   -0.687    4.383    4.383    6.167    9.557    9.557
            0.056455  0.056455  0.056455
   -6.465   -0.653    4.389    4.389    6.173    9.556    9.556
            0.056133  0.056133  0.056133
   -6.477   -0.618    4.395    4.395    6.179    9.554    9.554
            0.055810  0.055810  0.055810
   -6.488   -0.583    4.401    4.401    6.185    9.553    9.553
            0.055487  0.055487  0.055487
   -6.500   -0.549    4.407    4.407    6.191    9.551    9.551
            0.055165  0.055165  0.055165
   -6.511   -0.514    4.413    4.413    6.197    9.549    9.549
            0.054842  0.054842  0.054842
   -6.523   -0.479    4.419    4.419    6.203    9.547    9.547
            0.054520  0.054520  0.054520
   -6.534   -0.444    4.425    4.425    6.209    9.545    9.545
            0.054197  0.054197  0.054197
   -6.545   -0.409    4.431    4.431    6.216    9.543    9.543
            0.053874  0.053874  0.053874
   -6.556   -0.374    4.438    4.438    6.222    9.541    9.541
            0.053552  0.053552  0.053552
   -6.566   -0.339    4.444    4.444    6.228    9.539    9.539
            0.053229  0.053229  0.053229
   -6.577   -0.304    4.450    4.450    6.235    9.536    9.536
            0.052907  0.052907  0.052907
   -6.587   -0.268    4.457    4.457    6.241    9.534    9.534
            0.052584  0.052584  0.052584
   -6.597   -0.233    4.463    4.463    6.248    9.531    9.531
            0.052261  0.052261  0.052261
   -6.607   -0.198    4.470    4.470    6.254    9.528    9.528
            0.051939  0.051939  0.051939
   -6.617   -0.162    4.476    4.476    6.261    9.525    9.525
            0.051616  0.051616  0.051616
   -6.627   -0.127    4.483    4.483    6.267    9.522    9.522
            0.051294  0.051294  0.051294
   -6.637   -0.091    4.490    4.490    6.274    9.519    9.519
            0.050971  0.050971  0.050971
   -6.646   -0.055    4.497    4.497    6.281    9.516    9.516
            0.050648  0.050648  0.050648
   -6.656   -0.020    4.503    4.503    6.288    9.513    9.513
            0.050326  0.050326  0.050326
   -6.665    0.016    4.510    4.510    6.295    9.509    9.509
            0.050003  0.050003  0.050003
   -6.674    0.052    4.517    4.517    6.301    9.505    9.505
            0.049681  0.049681  0.049681
   -6.683    0.088    4.524    4.524    6.308    9.502    9.502
            0.049358  0.049358  0.049358
   -6.691    0.124    4.531    4.531    6.315    9.498    9.498
            0.049035  0.049035  0.049035
   -6.700    0.160    4.538    4.538    6.322    9.494    9.494
            0.048713  0.048713  0.048713
   -6.708    0.196    4.545    4.545    6.329    9.490    9.490
            0.048390  0.048390  0.048390
   -6.717    0.232    4.552    4.552    6.336    9.485    9.485
            0.048068  0.048068  0.048068
   -6.725    0.268    4.559    4.559    6.344    9.481    9.481
            0.047745  0.047745  0.047745
   -6.733    0.304    4.567    4.567    6.351    9.476    9.476
            0.047422  0.047422  0.047422
   -6.741    0.341    4.574    4.574    6.358    9.472    9.472
            0.047100  0.047100  0.047100
   -6.748    0.377    4.581    4.581    6.365    9.467    9.467
            0.046777  0.046777  0.046777
   -6.756    0.413    4.589    4.589    6.372    9.462    9.462
            0.046455  0.046455  0.046455
   -6.763    0.450    4.596    4.596    6.380    9.457    9.457
            0.046132  0.046132  0.046132
   -6.770    0.486    4.603    4.603    6.387    9.452    9.452
            0.045809  0.045809  0.045809
   -6.777    0.523    4.611    4.611    6.394    9.446    9.446
            0.045487  0.045487  0.045487
   -6.784    0.559    4.618    4.618    6.402    9.441    9.441
            0.045164  0.045164  0.045164
   -6.791    0.596    4.626    4.626    6.409    9.435    9.435
            0.044842  0.044842  0.044842
   -6.798    0.633    4.634    4.634    6.417    9.429    9.429
            0.044519  0.044519  0.044519
   -6.804    0.669    4.641    4.641    6.424    9.423    9.423
            0.044196  0.044196  0.044196
   -6.811    0.706    4.649    4.649    6.432    9.417    9.417
            0.043874  0.043874  0.043874
   -6.817    0.743    4.657    4.657    6.439    9.411    9.411
            0.043551  0.043551  0.043551
   -6.823    0.780    4.664    4.664    6.447    9.405    9.405
            0.043229  0.043229  0.043229
   -6.829    0.817    4.672    4.672    6.454    9.398    9.398
            0.042906  0.042906  0.042906
   -6.835    0.854    4.680    4.680    6.462    9.392    9.392
            0.042583  0.042583  0.042583
   -6.841    0.891    4.688    4.688    6.469    9.385    9.385
            0.042261  0.042261  0.042261
   -6.846    0.928    4.696    4.696    6.477    9.378    9.378
            0.041938  0.041938  0.041938
   -6.851    0.965    4.704    4.704    6.485    9.371    9.371
            0.041616  0.041616  0.041616
   -6.857    1.002    4.712    4.712    6.492    9.364    9.364
            0.041293  0.041293  0.041293
   -6.862    1.039    4.720    4.720    6.500    9.357    9.357
            0.040970  0.040970  0.040970
   -6.867    1.076    4.728    4.728    6.508    9.349    9.349
            0.040648  0.040648  0.040648
   -6.872    1.114    4.736    4.736    6.516    9.342    9.342
            0.040325  0.040325  0.040325
   -6.877    1.151    4.744    4.744    6.523    9.334    9.334
            0.040003  0.040003  0.040003
   -6.881    1.188    4.752    4.752    6.531    9.326    9.326
            0.039680  0.039680  0.039680
   -6.886    1.226    4.760    4.760    6.539    9.318    9.318
            0.039357  0.039357  0.039357
   -6.890    1.263    4.769    4.769    6.547    9.310    9.310
            0.039035  0.039035  0.039035
   -6.894    1.301    4.777    4.777    6.554    9.302    9.302
            0.038712  0.038712  0.038712
   -6.898    1.338    4.785    4.785    6.562    9.294    9.294
            0.038390  0.038390  0.038390
   -6.902    1.376    4.794    4.794    6.570    9.285    9.285
            0.038067  0.038067  0.038067
   -6.906    1.413    4.802    4.802    6.578    9.277    9.277
            0.037744  0.037744  0.037744
   -6.910    1.451    4.810    4.810    6.586    9.268    9.268
            0.037422  0.037422  0.037422
   -6.914    1.488    4.819    4.819    6.593    9.259    9.259
            0.037099  0.037099  0.037099
   -6.917    1.526    4.827    4.827    6.601    9.251    9.251
            0.036777  0.036777  0.036777
   -6.921    1.564    4.836    4.836    6.609    9.242    9.242
            0.036454  0.036454  0.036454
   -6.924    1.601    4.844    4.844    6.617    9.232    9.232
            0.036131  0.036131  0.036131
   -6.927    1.639    4.853    4.853    6.624    9.223    9.223
            0.035809  0.035809  0.035809
   -6.930    1.677    4.861    4.861    6.632    9.214    9.214
            0.035486  0.035486  0.035486
   -6.933    1.715    4.870    4.870    6.640    9.205    9.205
            0.035164  0.035164  0.035164
   -6.936    1.753    4.878    4.878    6.647    9.195    9.195
            0.034841  0.034841  0.034841
   -6.939    1.790    4.887    4.887    6.655    9.185    9.185
            0.034518  0.034518  0.034518
   -6.941    1.828    4.896    4.896    6.663    9.176    9.176
            0.034196  0.034196  0.034196
   -6.944    1.866    4.904    4.904    6.670    9.166    9.166
            0.033873  0.033873  0.033873
   -6.946    1.904    4.913    4.913    6.678    9.156    9.156
            0.033551  0.033551  0.033551
   -6.948    1.942    4.922    4.922    6.685    9.146    9.146
            0.033228  0.033228  0.033228
   -6.951    1.980    4.930    4.930    6.693    9.136    9.136
            0.032905  0.032905  0.032905
   -6.953    2.018    4.939    4.939    6.700    9.126    9.126
            0.032583  0.032583  0.032583
   -6.955    2.056    4.948    4.948    6.708    9.115    9.115
            0.032260  0.032260  0.032260
   -6.957    2.094    4.956    4.956    6.715    9.105    9.105
            0.031938  0.031938  0.031938
   -6.959    2.133    4.965    4.965    6.722    9.095    9.095
            0.031615  0.031615  0.031615
   -6.960    2.171    4.974    4.974    6.729    9.084    9.084
            0.031292  0.031292  0.031292
   -6.962    2.209    4.983    4.983    6.737    9.074    9.074
            0.030970  0.030970  0.030970
   -6.964    2.247    4.991    4.991    6.744    9.063    9.063
            0.030647  0.030647  0.030647
   -6.965    2.285    5.000    5.000    6.751    9.052    9.052
            0.030325  0.030325  0.030325
   -6.966    2.323    5.009    5.009    6.758    9.042    9.042
            0.030002  0.030002  0.030002
   -6.968    2.362    5.018    5.018    6.765    9.031    9.031
            0.029679  0.029679  0.029679
   -6.969    2.400    5.027    5.027    6.772    9.020    9.020
            0.029357  0.029357  0.029357
   -6.970    2.438    5.035    5.035    6.778    9.009    9.009
            0.029034  0.029034  0.029034
   -6.971    2.476    5.044    5.044    6.785    8.998    8.998
            0.028712  0.028712  0.028712
   -6.972    2.515    5.053    5.053    6.791    8.987    8.987
            0.028389  0.028389  0.028389
   -6.973    2.553    5.062    5.062    6.798    8.976    8.976
            0.028066  0.028066  0.028066
   -6.974    2.591    5.071    5.071    6.804    8.965    8.965
            0.027744  0.027744  0.027744
   -6.975    2.630    5.079    5.079    6.810    8.954    8.954
            0.027421  0.027421  0.027421
   -6.975    2.668    5.088    5.088    6.817    8.943    8.943
            0.027099  0.027099  0.027099
   -6.976    2.706    5.097    5.097    6.822    8.932    8.932
            0.026776  0.026776  0.026776
   -6.977    2.745    5.106    5.106    6.828    8.920    8.920
            0.026453  0.026453  0.026453
   -6.977    2.783    5.115    5.115    6.834    8.909    8.909
            0.026131  0.026131  0.026131
   -6.978    2.821    5.123    5.123    6.840    8.898    8.898
            0.025808  0.025808  0.025808
   -6.978    2.860    5.132    5.132    6.845    8.887    8.887
            0.025486  0.025486  0.025486
   -6.978    2.898    5.141    5.141    6.850    8.876    8.876
            0.025163  0.025163  0.025163
   -6.979    2.937    5.149    5.149    6.855    8.864    8.864
            0.024840  0.024840  0.024840
   -6.979    2.975    5.158    5.158    6.860    8.853    8.853
            0.024518  0.024518  0.024518
   -6.979    3.013    5.167    5.167    6.865    8.842    8.842
            0.024195  0.024195  0.024195
   -6.979    3.052    5.175    5.175    6.869    8.831    8.831
            0.023873  0.023873  0.023873
   -6.979    3.090    5.184    5.184    6.874    8.819    8.819
            0.023550  0.023550  0.023550
   -6.979    3.129    5.193    5.193    6.878    8.808    8.808
            0.023227  0.023227  0.023227
   -6.979    3.167    5.201    5.201    6.881    8.797    8.797
            0.022905  0.022905  0.022905
   -6.979    3.205    5.210    5.210    6.885    8.786    8.786
            0.022582  0.022582  0.022582
   -6.979    3.244    5.218    5.218    6.888    8.775    8.775
            0.022260  0.022260  0.022260
   -6.979    3.282    5.227    5.227    6.892    8.764    8.764
            0.021937  0.021937  0.021937
   -6.978    3.320    5.235    5.235    6.894    8.753    8.753
            0.021614  0.021614  0.021614
   -6.978    3.359    5.244    5.244    6.897    8.741    8.741
            0.021292  0.021292  0.021292
   -6.978    3.397    5.252    5.252    6.899    8.730    8.730
            0.020969  0.020969  0.020969
   -6.978    3.436    5.260    5.260    6.901    8.720    8.720
            0.020646  0.020646  0.020646
   -6.977    3.474    5.268    5.268    6.903    8.709    8.709
            0.020324  0.020324  0.020324
   -6.977    3.512    5.277    5.277    6.904    8.698    8.698
            0.020001  0.020001  0.020001
   -6.976    3.550    5.285    5.285    6.905    8.687    8.687
            0.019679  0.019679  0.019679
   -6.976    3.589    5.293    5.293    6.906    8.676    8.676
            0.019356  0.019356  0.019356
   -6.975    3.627    5.301    5.301    6.906    8.666    8.666
            0.019033  0.019033  0.019033
   -6.975    3.665    5.309    5.309    6.906    8.655    8.655
            0.018711  0.018711  0.018711
   -6.974    3.703    5.317    5.317    6.905    8.644    8.644
            0.018388  0.018388  0.018388
   -6.974    3.742    5.325    5.325    6.904    8.634    8.634
            0.018066  0.018066  0.018066
   -6.973    3.780    5.333    5.333    6.903    8.624    8.624
            0.017743  0.017743  0.017743
   -6.973    3.818    5.340    5.340    6.901    8.613    8.613
            0.017420  0.017420  0.017420
   -6.972    3.856    5.348    5.348    6.898    8.603    8.603
            0.017098  0.017098  0.017098
   -6.971    3.894    5.356    5.356    6.896    8.593    8.593
            0.016775  0.016775  0.016775
   -6.971    3.932    5.363    5.363    6.892    8.583    8.583
            0.016453  0.016453  0.016453
   -6.970    3.970    5.371    5.371    6.889    8.573    8.573
            0.016130  0.016130  0.016130
   -6.969    4.008    5.378    5.378    6.884    8.563    8.563
            0.015807  0.015807  0.015807
   -6.969    4.046    5.385    5.385    6.879    8.554    8.554
            0.015485  0.015485  0.015485
   -6.968    4.083    5.393    5.393    6.874    8.544    8.544
            0.015162  0.015162  0.015162
   -6.967    4.121    5.400    5.400    6.868    8.534    8.534
            0.014840  0.014840  0.014840
   -6.966    4.159    5.407    5.407    6.861    8.525    8.525
            0.014517  0.014517  0.014517
   -6.966    4.197    5.414    5.414    6.854    8.516    8.516
            0.014194  0.014194  0.014194
   -6.965    4.234    5.421    5.421    6.846    8.507    8.507
            0.013872  0.013872  0.013872
   -6.964    4.272    5.427    5.427    6.838    8.498    8.498
            0.013549  0.013549  0.013549
   -6.964    4.309    5.434    5.434    6.829    8.489    8.489
            0.013227  0.013227  0.013227
   -6.963    4.347    5.441    5.441    6.819    8.480    8.480
            0.012904  0.012904  0.012904
   -6.962    4.384    5.447    5.447    6.809    8.472    8.472
            0.012581  0.012581  0.012581
   -6.961    4.421    5.453    5.453    6.798    8.463    8.463
            0.012259  0.012259  0.012259
   -6.961    4.458    5.460    5.460    6.787    8.455    8.455
            0.011936  0.011936  0.011936
   -6.960    4.495    5.466    5.466    6.774    8.447    8.447
            0.011614  0.011614  0.011614
   -6.959    4.532    5.472    5.472    6.761    8.439    8.439
            0.011291  0.011291  0.011291
   -6.958    4.569    5.478    5.478    6.748    8.431    8.431
            0.010968  0.010968  0.010968
   -6.958    4.606    5.483    5.483    6.734    8.424    8.424
            0.010646  0.010646  0.010646
   -6.957    4.643    5.489    5.489    6.719    8.416    8.416
            0.010323  0.010323  0.010323
   -6.956    4.679    5.494    5.494    6.703    8.409    8.409
            0.010001  0.010001  0.010001
   -6.956    4.715    5.500    5.500    6.687    8.402    8.402
            0.009678  0.009678  0.009678
   -6.955    4.752    5.505    5.505    6.671    8.395    8.395
            0.009355  0.009355  0.009355
   -6.954    4.788    5.510    5.510    6.653    8.388    8.388
            0.009033  0.009033  0.009033
   -6.954    4.824    5.515    5.515    6.635    8.382    8.382
            0.008710  0.008710  0.008710
   -6.953    4.859    5.520    5.520    6.617    8.376    8.376
            0.008388  0.008388  0.008388
   -6.952    4.895    5.524    5.524    6.598    8.370    8.370
            0.008065  0.008065  0.008065
   -6.952    4.930    5.529    5.529    6.578    8.364    8.364
            0.007742  0.007742  0.007742
   -6.951    4.965    5.533    5.533    6.558    8.358    8.358
            0.007420  0.007420  0.007420
   -6.951    5.000    5.537    5.537    6.538    8.352    8.352
            0.007097  0.007097  0.007097
   -6.950    5.035    5.541    5.541    6.517    8.347    8.347
            0.006775  0.006775  0.006775
   -6.950    5.069    5.545    5.545    6.495    8.342    8.342
            0.006452  0.006452  0.006452
   -6.949    5.104    5.549    5.549    6.474    8.337    8.337
            0.006129  0.006129  0.006129
   -6.949    5.137    5.552    5.552    6.451    8.333    8.333
            0.005807  0.005807  0.005807
   -6.948    5.171    5.556    5.556    6.429    8.328    8.328
            0.005484  0.005484  0.005484
   -6.948    5.204    5.559    5.559    6.406    8.324    8.324
            0.005162  0.005162  0.005162
   -6.947    5.236    5.562    5.562    6.383    8.320    8.320
            0.004839  0.004839  0.004839
   -6.947    5.268    5.565    5.565    6.360    8.316    8.316
            0.004516  0.004516  0.004516
   -6.947    5.300    5.567    5.567    6.337    8.313    8.313
            0.004194  0.004194  0.004194
   -6.946    5.330    5.570    5.570    6.314    8.309    8.309
            0.003871  0.003871  0.003871
   -6.946    5.360    5.572    5.572    6.291    8.306    8.306
            0.003549  0.003549  0.003549
   -6.946    5.390    5.574    5.574    6.268    8.303    8.303
            0.003226  0.003226  0.003226
   -6.945    5.418    5.576    5.576    6.246    8.301    8.301
            0.002903  0.002903  0.002903
   -6.945    5.445    5.578    5.578    6.225    8.299    8.301
            0.002581  0.002581  0.002581
   -6.945    5.470    5.580    5.580    6.204    8.296    8.296
            0.002258  0.002258  0.002258
   -6.945    5.494    5.581    5.581    6.184    8.295    8.295
            0.001936  0.001936  0.001936
   -6.944    5.516    5.582    5.582    6.165    8.293    8.294
            0.001613  0.001613  0.001613
   -6.944    5.536    5.583    5.583    6.149    8.292    8.292
            0.001290  0.001290  0.001290
   -6.944    5.553    5.584    5.584    6.134    8.291    8.291
            0.000968  0.000968  0.000968
   -6.944    5.567    5.585    5.585    6.122    8.290    8.290
            0.000645  0.000645  0.000645
   -6.944    5.577    5.585    5.585    6.113    8.289    8.289
            0.000323  0.000323  0.000323
   -6.944    5.584    5.586    5.586    6.108    8.289    8.289
            0.000000  0.000000  0.000000
   -6.944    5.586    5.586    5.586    6.106    8.289    8.289
            0.000792  0.000000  0.000000
   -6.944    5.582    5.585    5.585    6.110    8.289    8.289
            0.001584  0.000000  0.000000
   -6.944    5.571    5.584    5.584    6.121    8.287    8.291
            0.002376  0.000000  0.000000
   -6.944    5.554    5.582    5.582    6.138    8.286    8.294
            0.003168  0.000000  0.000000
   -6.944    5.531    5.579    5.579    6.161    8.284    8.297
            0.003961  0.000000  0.000000
   -6.945    5.504    5.575    5.575    6.188    8.281    8.302
            0.004753  0.000000  0.000000
   -6.945    5.473    5.570    5.570    6.218    8.278    8.308
            0.005545  0.000000  0.000000
   -6.945    5.440    5.564    5.564    6.251    8.274    8.316
            0.006337  0.000000  0.000000
   -6.946    5.405    5.557    5.557    6.285    8.269    8.324
            0.007129  0.000000  0.000000
   -6.946    5.368    5.550    5.550    6.322    8.264    8.333
            0.007921  0.000000  0.000000
   -6.947    5.330    5.542    5.542    6.359    8.259    8.343
            0.008713  0.000000  0.000000
   -6.947    5.291    5.532    5.532    6.397    8.252    8.354
            0.009505  0.000000  0.000000
   -6.948    5.251    5.523    5.523    6.437    8.246    8.367
            0.010297  0.000000  0.000000
   -6.948    5.211    5.512    5.512    6.476    8.238    8.380
            0.011089  0.000000  0.000000
   -6.949    5.170    5.501    5.501    6.516    8.230    8.394
            0.011882  0.000000  0.000000
   -6.950    5.128    5.489    5.489    6.557    8.222    8.409
            0.012674  0.000000  0.000000
   -6.951    5.087    5.476    5.476    6.598    8.213    8.425
            0.013466  0.000000  0.000000
   -6.951    5.044    5.462    5.462    6.639    8.204    8.442
            0.014258  0.000000  0.000000
   -6.952    5.002    5.448    5.448    6.680    8.194    8.459
            0.015050  0.000000  0.000000
   -6.953    4.960    5.434    5.434    6.721    8.183    8.478
            0.015842  0.000000  0.000000
   -6.954    4.917    5.418    5.418    6.763    8.173    8.497
            0.016634  0.000000  0.000000
   -6.955    4.874    5.403    5.403    6.804    8.161    8.517
            0.017426  0.000000  0.000000
   -6.956    4.831    5.386    5.386    6.846    8.149    8.538
            0.018218  0.000000  0.000000
   -6.957    4.788    5.369    5.369    6.887    8.137    8.559
            0.019010  0.000000  0.000000
   -6.958    4.744    5.352    5.352    6.929    8.125    8.581
            0.019803  0.000000  0.000000
   -6.959    4.701    5.334    5.334    6.970    8.112    8.604
            0.020595  0.000000  0.000000
   -6.960    4.658    5.316    5.316    7.012    8.098    8.628
            0.021387  0.000000  0.000000
   -6.961    4.614    5.297    5.297    7.053    8.084    8.652
            0.022179  0.000000  0.000000
   -6.962    4.571    5.278    5.278    7.094    8.070    8.677
            0.022971  0.000000  0.000000
   -6.963    4.527    5.258    5.258    7.136    8.056    8.702
            0.023763  0.000000  0.000000
   -6.964    4.483    5.239    5.239    7.177    8.041    8.728
            0.024555  0.000000  0.000000
   -6.965    4.440    5.218    5.218    7.218    8.026    8.754
            0.025347  0.000000  0.000000
   -6.966    4.396    5.198    5.198    7.259    8.010    8.781
            0.026139  0.000000  0.000000
   -6.967    4.352    5.177    5.177    7.300    7.995    8.809
            0.026931  0.000000  0.000000
   -6.968    4.308    5.156    5.156    7.340    7.979    8.837
            0.027724  0.000000  0.000000
   -6.969    4.264    5.134    5.134    7.381    7.962    8.865
            0.028516  0.000000  0.000000
   -6.970    4.221    5.113    5.113    7.421    7.946    8.894
            0.029308  0.000000  0.000000
   -6.971    4.177    5.091    5.091    7.461    7.929    8.923
            0.030100  0.000000  0.000000
   -6.972    4.133    5.069    5.069    7.501    7.912    8.953
            0.030892  0.000000  0.000000
   -6.973    4.089    5.046    5.046    7.540    7.894    8.983
            0.031684  0.000000  0.000000
   -6.974    4.045    5.024    5.024    7.580    7.877    9.014
            0.032476  0.000000  0.000000
   -6.975    4.001    5.001    5.001    7.619    7.859    9.045
            0.033268  0.000000  0.000000
   -6.976    3.958    4.978    4.978    7.658    7.841    9.076
            0.034060  0.000000  0.000000
   -6.977    3.914    4.955    4.955    7.697    7.823    9.108
            0.034852  0.000000  0.000000
   -6.977    3.870    4.932    4.932    7.735    7.805    9.140
            0.035645  0.000000  0.000000
   -6.978    3.826    4.909    4.909    7.773    7.787    9.172
            0.036437  0.000000  0.000000
   -6.979    3.782    4.885    4.885    7.768    7.811    9.204
            0.037229  0.000000  0.000000
   -6.979    3.738    4.862    4.862    7.749    7.848    9.237
            0.038021  0.000000  0.000000
   -6.980    3.694    4.838    4.838    7.731    7.885    9.271
            0.038813  0.000000  0.000000
   -6.980    3.651    4.814    4.814    7.712    7.921    9.304
            0.039605  0.000000  0.000000
   -6.980    3.607    4.790    4.790    7.693    7.958    9.338
            0.040397  0.000000  0.000000
   -6.981    3.563    4.766    4.766    7.674    7.993    9.372
            0.041189  0.000000  0.000000
   -6.981    3.519    4.743    4.743    7.655    8.029    9.406
            0.041981  0.000000  0.000000
   -6.981    3.475    4.718    4.718    7.635    8.064    9.441
            0.042773  0.000000  0.000000
   -6.981    3.432    4.694    4.694    7.616    8.098    9.476
            0.043566  0.000000  0.000000
   -6.981    3.388    4.670    4.670    7.597    8.132    9.511
            0.044358  0.000000  0.000000
   -6.980    3.344    4.646    4.646    7.577    8.166    9.546
            0.045150  0.000000  0.000000
   -6.980    3.301    4.622    4.622    7.558    8.198    9.582
            0.045942  0.000000  0.000000
   -6.980    3.257    4.598    4.598    7.538    8.231    9.617
            0.046734  0.000000  0.000000
   -6.979    3.213    4.574    4.574    7.519    8.263    9.653
            0.047526  0.000000  0.000000
   -6.978    3.170    4.549    4.549    7.499    8.294    9.689
            0.048318  0.000000  0.000000
   -6.978    3.126    4.525    4.525    7.479    8.324    9.726
            0.049110  0.000000  0.000000
   -6.977    3.082    4.501    4.501    7.460    8.354    9.762
            0.049902  0.000000  0.000000
   -6.976    3.039    4.477    4.477    7.440    8.383    9.799
            0.050695  0.000000  0.000000
   -6.974    2.995    4.453    4.453    7.421    8.412    9.836
            0.051487  0.000000  0.000000
   -6.973    2.952    4.428    4.428    7.401    8.439    9.873
            0.052279  0.000000  0.000000
   -6.971    2.908    4.404    4.404    7.382    8.466    9.910
            0.053071  0.000000  0.000000
   -6.970    2.865    4.380    4.380    7.362    8.492    9.947
            0.053863  0.000000  0.000000
   -6.968    2.821    4.356    4.356    7.343    8.517    9.985
            0.054655  0.000000  0.000000
   -6.966    2.778    4.332    4.332    7.323    8.542   10.022
            0.055447  0.000000  0.000000
   -6.964    2.734    4.308    4.308    7.304    8.565   10.060
            0.056239  0.000000  0.000000
   -6.961    2.691    4.284    4.284    7.284    8.588   10.098
            0.057031  0.000000  0.000000
   -6.959    2.647    4.260    4.260    7.265    8.610   10.136
            0.057823  0.000000  0.000000
   -6.956    2.604    4.236    4.236    7.246    8.631   10.174
            0.058616  0.000000  0.000000
   -6.953    2.561    4.213    4.213    7.227    8.650   10.213
            0.059408  0.000000  0.000000
   -6.950    2.517    4.189    4.189    7.208    8.669   10.251
            0.060200  0.000000  0.000000
   -6.946    2.474    4.165    4.165    7.189    8.687   10.290
            0.060992  0.000000  0.000000
   -6.943    2.431    4.142    4.142    7.170    8.704   10.328
            0.061784  0.000000  0.000000
   -6.939    2.388    4.118    4.118    7.151    8.719   10.367
            0.062576  0.000000  0.000000
   -6.935    2.344    4.095    4.095    7.132    8.734   10.406
            0.063368  0.000000  0.000000
   -6.931    2.301    4.071    4.071    7.113    8.747   10.445
            0.064160  0.000000  0.000000
   -6.927    2.258    4.048    4.048    7.095    8.759   10.484
            0.064952  0.000000  0.000000
   -6.922    2.215    4.025    4.025    7.076    8.771   10.523
            0.065744  0.000000  0.000000
   -6.917    2.172    4.002    4.002    7.058    8.781   10.563
            0.066537  0.000000  0.000000
   -6.912    2.129    3.978    3.978    7.039    8.789   10.602
            0.067329  0.000000  0.000000
   -6.907    2.086    3.955    3.955    7.021    8.797   10.641
            0.068121  0.000000  0.000000
   -6.902    2.043    3.933    3.933    7.003    8.804   10.681
            0.068913  0.000000  0.000000
   -6.896    2.000    3.910    3.910    6.985    8.809   10.721
            0.069705  0.000000  0.000000
   -6.890    1.957    3.887    3.887    6.968    8.813   10.760
            0.070497  0.000000  0.000000
   -6.884    1.914    3.865    3.865    6.950    8.816   10.800
            0.071289  0.000000  0.000000
   -6.877    1.871    3.842    3.842    6.932    8.818   10.840
            0.072081  0.000000  0.000000
   -6.870    1.828    3.820    3.820    6.915    8.819   10.880
            0.072873  0.000000  0.000000
   -6.863    1.785    3.797    3.797    6.898    8.818   10.920
            0.073665  0.000000  0.000000
   -6.856    1.742    3.775    3.775    6.880    8.817   10.960
            0.074458  0.000000  0.000000
   -6.849    1.699    3.753    3.753    6.863    8.814   11.001
            0.075250  0.000000  0.000000
   -6.841    1.656    3.731    3.731    6.847    8.811   11.041
            0.076042  0.000000  0.000000
   -6.833    1.614    3.709    3.709    6.830    8.806   11.081
            0.076834  0.000000  0.000000
   -6.824    1.571    3.688    3.688    6.813    8.800   11.122
            0.077626  0.000000  0.000000
   -6.816    1.528    3.666    3.666    6.797    8.793   11.162
            0.078418  0.000000  0.000000
   -6.807    1.485    3.645    3.645    6.781    8.786   11.203
            0.079210  0.000000  0.000000
   -6.798    1.443    3.623    3.623    6.765    8.777   11.243
            0.080002  0.000000  0.000000
   -6.788    1.400    3.602    3.602    6.749    8.767   11.284
            0.080794  0.000000  0.000000
   -6.779    1.357    3.581    3.581    6.733    8.757   11.325
            0.081586  0.000000  0.000000
   -6.769    1.315    3.560    3.560    6.717    8.745   11.365
            0.082379  0.000000  0.000000
   -6.758    1.272    3.539    3.539    6.702    8.733   11.406
            0.083171  0.000000  0.000000
   -6.748    1.230    3.518    3.518    6.687    8.720   11.447
            0.083963  0.000000  0.000000
   -6.737    1.187    3.498    3.498    6.671    8.707   11.488
            0.084755  0.000000  0.000000
   -6.726    1.145    3.477    3.477    6.657    8.692   11.529
            0.085547  0.000000  0.000000
   -6.714    1.102    3.457    3.457    6.642    8.677   11.570
            0.086339  0.000000  0.000000
   -6.703    1.060    3.436    3.436    6.627    8.661   11.611
            0.087131  0.000000  0.000000
   -6.691    1.017    3.416    3.416    6.613    8.644   11.652
            0.087923  0.000000  0.000000
   -6.678    0.975    3.396    3.396    6.599    8.627   11.693
            0.088715  0.000000  0.000000
   -6.666    0.933    3.377    3.377    6.585    8.610   11.734
            0.089508  0.000000  0.000000
   -6.653    0.890    3.357    3.357    6.571    8.591   11.775
            0.090300  0.000000  0.000000
   -6.639    0.848    3.337    3.337    6.557    8.573   11.816
            0.091092  0.000000  0.000000
   -6.626    0.806    3.318    3.318    6.544    8.553   11.857
            0.091884  0.000000  0.000000
   -6.612    0.763    3.299    3.299    6.530    8.534   11.898
            0.092676  0.000000  0.000000
   -6.598    0.721    3.279    3.279    6.517    8.514   11.940
            0.093468  0.000000  0.000000
   -6.583    0.679    3.260    3.260    6.504    8.493   11.981
            0.094260  0.000000  0.000000
   -6.569    0.637    3.242    3.242    6.492    8.472   12.022
            0.095052  0.000000  0.000000
   -6.554    0.595    3.223    3.223    6.479    8.451   12.064
            0.095844  0.000000  0.000000
   -6.538    0.552    3.204    3.204    6.467    8.429   12.105
            0.096636  0.000000  0.000000
   -6.522    0.510    3.186    3.186    6.455    8.407   12.146
            0.097429  0.000000  0.000000
   -6.506    0.468    3.168    3.168    6.443    8.385   12.188
            0.098221  0.000000  0.000000
   -6.490    0.426    3.150    3.150    6.431    8.363   12.229
            0.099013  0.000000  0.000000
   -6.474    0.384    3.132    3.132    6.420    8.340   12.270
            0.099805  0.000000  0.000000
   -6.457    0.342    3.114    3.114    6.408    8.317   12.312
            0.100597  0.000000  0.000000
   -6.439    0.300    3.096    3.096    6.397    8.294   12.353
            0.101389  0.000000  0.000000
   -6.422    0.258    3.079    3.079    6.387    8.270   12.395
            0.102181  0.000000  0.000000
   -6.404    0.216    3.061    3.061    6.376    8.247   12.436
            0.102973  0.000000  0.000000
   -6.386    0.175    3.044    3.044    6.365    8.223   12.477
            0.103765  0.000000  0.000000
   -6.367    0.133    3.027    3.027    6.355    8.199   12.519
            0.104557  0.000000  0.000000
   -6.349    0.091    3.010    3.010    6.345    8.176   12.560
            0.105350  0.000000  0.000000
   -6.330    0.049    2.993    2.993    6.335    8.152   12.602
            0.106142  0.000000  0.000000
   -6.310    0.007    2.977    2.977    6.326    8.127   12.643
            0.106934  0.000000  0.000000
   -6.291   -0.034    2.960    2.960    6.316    8.103   12.685
            0.107726  0.000000  0.000000
   -6.271   -0.076    2.944    2.944    6.307    8.079   12.726
            0.108518  0.000000  0.000000
   -6.250   -0.118    2.928    2.928    6.298    8.055   12.767
            0.109310  0.000000  0.000000
   -6.230   -0.159    2.912    2.912    6.289    8.030   12.809
            0.110102  0.000000  0.000000
   -6.209   -0.201    2.896    2.896    6.281    8.006   12.850
            0.110894  0.000000  0.000000
   -6.188   -0.243    2.881    2.881    6.273    7.982   12.891
            0.111686  0.000000  0.000000
   -6.166   -0.284    2.865    2.865    6.264    7.957   12.933
            0.112478  0.000000  0.000000
   -6.145   -0.326    2.850    2.850    6.257    7.933   12.974
            0.113271  0.000000  0.000000
   -6.123   -0.367    2.835    2.835    6.249    7.908   13.015
            0.114063  0.000000  0.000000
   -6.100   -0.409    2.820    2.820    6.242    7.884   13.057
            0.114855  0.000000  0.000000
   -6.078   -0.450    2.805    2.805    6.234    7.860   13.098
            0.115647  0.000000  0.000000
   -6.055   -0.492    2.791    2.791    6.227    7.835   13.139
            0.116439  0.000000  0.000000
   -6.032   -0.533    2.776    2.776    6.221    7.811   13.180
            0.117231  0.000000  0.000000
   -6.008   -0.574    2.762    2.762    6.214    7.787   13.221
            0.118023  0.000000  0.000000
   -5.985   -0.616    2.748    2.748    6.208    7.763   13.263
            0.118815  0.000000  0.000000
   -5.961   -0.657    2.734    2.734    6.202    7.739   13.304
            0.119607  0.000000  0.000000
   -5.936   -0.698    2.720    2.720    6.196    7.714   13.345
            0.120399  0.000000  0.000000
   -5.912   -0.739    2.706    2.706    6.190    7.691   13.386
            0.121192  0.000000  0.000000
   -5.887   -0.781    2.693    2.693    6.185    7.667   13.427
            0.121984  0.000000  0.000000
   -5.862   -0.822    2.680    2.680    6.180    7.643   13.467
            0.122776  0.000000  0.000000
   -5.837   -0.863    2.667    2.667    6.175    7.619   13.508
            0.123568  0.000000  0.000000
   -5.811   -0.904    2.654    2.654    6.170    7.596   13.549
            0.124360  0.000000  0.000000
   -5.785   -0.945    2.641    2.641    6.165    7.572   13.590
            0.125152  0.000000  0.000000
   -5.759   -0.986    2.629    2.629    6.161    7.549   13.630
            0.125944  0.000000  0.000000
   -5.733   -1.027    2.616    2.616    6.157    7.526   13.671
            0.126736  0.000000  0.000000
   -5.706   -1.068    2.604    2.604    6.153    7.503   13.711
            0.127528  0.000000  0.000000
   -5.679   -1.109    2.592    2.592    6.150    7.480   13.751
            0.128320  0.000000  0.000000
   -5.652   -1.150    2.580    2.580    6.146    7.457   13.792
            0.129113  0.000000  0.000000
   -5.624   -1.191    2.568    2.568    6.143    7.434   13.832
            0.129905  0.000000  0.000000
   -5.597   -1.232    2.557    2.557    6.140    7.412   13.872
            0.130697  0.000000  0.000000
   -5.569   -1.272    2.546    2.546    6.138    7.389   13.912
            0.131489  0.000000  0.000000
   -5.541   -1.313    2.535    2.535    6.135    7.367   13.952
            0.132281  0.000000  0.000000
   -5.512   -1.354    2.524    2.524    6.133    7.345   13.991
            0.133073  0.000000  0.000000
   -5.484   -1.395    2.513    2.513    6.131    7.323   14.031
            0.133865  0.000000  0.000000
   -5.455   -1.435    2.502    2.502    6.129    7.301   14.070
            0.134657  0.000000  0.000000
   -5.426   -1.476    2.492    2.492    6.128    7.279   14.110
            0.135449  0.000000  0.000000
   -5.397   -1.516    2.482    2.482    6.127    7.258   14.149
            0.136242  0.000000  0.000000
   -5.367   -1.557    2.472    2.472    6.125    7.236   14.188
            0.137034  0.000000  0.000000
   -5.337   -1.597    2.462    2.462    6.125    7.215   14.227
            0.137826  0.000000  0.000000
   -5.308   -1.638    2.452    2.452    6.124    7.194   14.265
            0.138618  0.000000  0.000000
   -5.277   -1.678    2.443    2.443    6.124    7.173   14.304
            0.139410  0.000000  0.000000
   -5.247   -1.719    2.433    2.433    6.124    7.152   14.342
            0.140202  0.000000  0.000000
   -5.216   -1.759    2.424    2.424    6.124    7.132   14.380
            0.140994  0.000000  0.000000
   -5.186   -1.799    2.415    2.415    6.124    7.112   14.418
            0.141786  0.000000  0.000000
   -5.155   -1.839    2.406    2.406    6.125    7.091   14.455
            0.142578  0.000000  0.000000
   -5.124   -1.880    2.398    2.398    6.125    7.071   14.492
            0.143370  0.000000  0.000000
   -5.092   -1.920    2.389    2.389    6.126    7.052   14.530
            0.144163  0.000000  0.000000
   -5.061   -1.960    2.381    2.381    6.128    7.032   14.566
            0.144955  0.000000  0.000000
   -5.029   -2.000    2.373    2.373    6.129    7.012   14.603
            0.145747  0.000000  0.000000
   -4.997   -2.040    2.365    2.365    6.131    6.993   14.639
            0.146539  0.000000  0.000000
   -4.965   -2.080    2.358    2.358    6.133    6.974   14.675
            0.147331  0.000000  0.000000
   -4.932   -2.120    2.350    2.350    6.135    6.955   14.710
            0.148123  0.000000  0.000000
   -4.900   -2.160    2.343    2.343    6.138    6.937   14.745
            0.148915  0.000000  0.000000
   -4.867   -2.200    2.336    2.336    6.140    6.918   14.780
            0.149707  0.000000  0.000000
   -4.834   -2.240    2.329    2.329    6.143    6.900   14.814
            0.150499  0.000000  0.000000
   -4.801   -2.279    2.323    2.323    6.146    6.882   14.848
            0.151291  0.000000  0.000000
   -4.768   -2.319    2.316    2.316    6.150    6.864   14.882
            0.152084  0.000000  0.000000
   -4.735   -2.359    2.310    2.310    6.153    6.846   14.915
            0.152876  0.000000  0.000000
   -4.701   -2.398    2.304    2.304    6.157    6.828   14.947
            0.153668  0.000000  0.000000
   -4.668   -2.438    2.298    2.298    6.161    6.811   14.979
            0.154460  0.000000  0.000000
   -4.634   -2.477    2.292    2.292    6.165    6.794   15.011
            0.155252  0.000000  0.000000
   -4.600   -2.517    2.286    2.286    6.170    6.777   15.042
            0.156044  0.000000  0.000000
   -4.566   -2.556    2.281    2.281    6.174    6.760   15.072
            0.156836  0.000000  0.000000
   -4.531   -2.596    2.276    2.276    6.179    6.744   15.101
            0.157628  0.000000  0.000000
   -4.497   -2.635    2.271    2.271    6.185    6.727   15.130
            0.158420  0.000000  0.000000
   -4.462   -2.674    2.266    2.266    6.190    6.711   15.159
            0.159212  0.000000  0.000000
   -4.428   -2.713    2.262    2.262    6.196    6.695   15.186
            0.160005  0.000000  0.000000
   -4.393   -2.752    2.257    2.257    6.201    6.680   15.213
            0.160797  0.000000  0.000000
   -4.358   -2.791    2.253    2.253    6.208    6.664   15.239
            0.161589  0.000000  0.000000
   -4.323   -2.830    2.249    2.249    6.214    6.649   15.264
            0.162381  0.000000  0.000000
   -4.287   -2.869    2.245    2.245    6.220    6.634   15.288
            0.163173  0.000000  0.000000
   -4.252   -2.908    2.242    2.242    6.227    6.619   15.311
            0.163965  0.000000  0.000000
   -4.217   -2.947    2.238    2.238    6.234    6.604   15.334
            0.164757  0.000000  0.000000
   -4.181   -2.986    2.235    2.235    6.241    6.590   15.355
            0.165549  0.000000  0.000000
   -4.145   -3.024    2.232    2.232    6.249    6.576   15.375
            0.166341  0.000000  0.000000
   -4.109   -3.063    2.229    2.229    6.257    6.561   15.394
            0.167133  0.000000  0.000000
   -4.073   -3.101    2.227    2.227    6.264    6.548   15.412
            0.167926  0.000000  0.000000
   -4.037   -3.140    2.224    2.224    6.273    6.534   15.429
            0.168718  0.000000  0.000000
   -4.001   -3.178    2.222    2.222    6.281    6.521   15.445
            0.169510  0.000000  0.000000
   -3.964   -3.216    2.220    2.220    6.289    6.507   15.459
            0.170302  0.000000  0.000000
   -3.928   -3.255    2.218    2.218    6.298    6.494   15.473
            0.171094  0.000000  0.000000
   -3.891   -3.293    2.216    2.216    6.307    6.482   15.485
            0.171886  0.000000  0.000000
   -3.855   -3.331    2.215    2.215    6.317    6.469   15.495
            0.172678  0.000000  0.000000
   -3.818   -3.369    2.214    2.214    6.326    6.457   15.504
            0.173470  0.000000  0.000000
   -3.781   -3.407    2.213    2.213    6.336    6.445   15.512
            0.174262  0.000000  0.000000
   -3.744   -3.445    2.212    2.212    6.346    6.433   15.519
            0.175054  0.000000  0.000000
   -3.707   -3.482    2.211    2.211    6.356    6.421   15.524
            0.175847  0.000000  0.000000
   -3.670   -3.520    2.210    2.210    6.366    6.410   15.527
            0.176639  0.000000  0.000000
   -3.632   -3.558    2.210    2.210    6.377    6.399   15.530
            0.177431  0.000000  0.000000
   -3.595   -3.595    2.210    2.210    6.387    6.387   15.530
