   2.01251723558367      -0.486569682675923      -8.572244826645302E-019
 -4.336808689942018E-019 -9.441687058602878E-019 -1.498253845604495E-019
 -2.168404344971009E-019  3.860170343710243E-019  7.008833445888679E-002
  2.540509948238577E-019 -2.507217523872729E-019 -2.553495737028687E-019
 -3.553837568214122E-019  5.421010862427522E-020  6.465217154086375E-020
   2.37194992226942      -5.322134965814736E-015  1.224615781626862E-015
  -1.58028968177733       1.769397828788738E-015 -4.024542616360114E-016
   2.37194992226942      -2.728330267285786E-015  1.771999914002703E-015
  -1.58028968177733       9.017854099944001E-016   2.37194992226942     
 -4.046217897262154E-016  9.035201833765451E-016  -1.58028968177733     
  0.289357246837954      -6.497762090853545E-016  1.482107864907390E-016
  0.289357246837954      -3.251178010048654E-016  0.289357246837954     
   2.01251723558367      -0.486569682675923       2.591470877729053E-018
  1.517883041479706E-018 -7.909361072733721E-019  3.670697040992474E-019
 -1.084202172485504E-019  4.816719366007816E-019  7.008833445888679E-002
 -2.537972283057586E-019  2.507217523872729E-019  2.555443442425835E-019
 -2.952838499971288E-019 -3.252606517456513E-019  3.689191052965114E-019
   2.37194992226942      -5.322134627765527E-015  1.224616188880237E-015
  -1.58028968177733       1.771132317304380E-015 -4.007202703192822E-016
   2.37194992226942      -2.729197363690221E-015  1.771132317304380E-015
  -1.58028968177733       9.052546689987194E-016   2.37194992226942     
 -4.050555364188449E-016  9.026526481233751E-016  -1.58028968177733     
  0.289357246837954      -6.493424184559496E-016  1.475606326668810E-016
  0.289357246837954      -3.255514016134247E-016  0.289357246837954     
