   1.96660157450420      -0.468840116503898       6.610622596453255E-019
  0.000000000000000E+000  8.431987002699644E-019 -6.022283098346525E-019
 -2.168404344971009E-019 -1.664212230885305E-019  6.749305034112245E-002
 -2.314798276160359E-019  1.626303258728257E-019 -3.740758467570111E-019
  4.919677319034264E-020  1.355252715606881E-020 -6.059630880164266E-020
   2.27753689849710      -5.111136735534604E-015  1.172653086229256E-015
  -1.47639632064818       1.661693539585931E-015 -3.695131306398275E-016
   2.27753689849710      -2.619587481759165E-015  1.658224092633977E-015
  -1.47639632064818       8.396383702616416E-016   2.27753689849710     
 -3.708527409397665E-016  8.413669230049681E-016  -1.47639632064818     
  0.262515129094196      -5.881754400816846E-016  1.338550378038809E-016
  0.262515129094196      -2.927921071013034E-016  0.262515129094196     
   1.96660157450420      -0.468840116503898      -6.614186105896523E-019
  0.000000000000000E+000 -8.434991522359004E-019  8.196396622919068E-019
 -2.168404344971009E-019 -4.995088334315994E-020  6.749305034112245E-002
  2.312876212156151E-019 -1.084202172485504E-019  4.866920711882771E-020
 -1.576470545741918E-019 -2.710505431213761E-020  6.358971374501674E-021
   2.27753689849710      -5.111134450279951E-015  1.173087771469262E-015
  -1.47639632064818       1.659089762443805E-015 -3.695139268562044E-016
   2.27753689849710      -2.619585772394118E-015  1.660824485919782E-015
  -1.47639632064818       8.413718226028818E-016   2.27753689849710     
 -3.730217420826778E-016  8.422330181703303E-016  -1.47639632064818     
  0.262515129094196      -5.877406843678794E-016  1.345061375520552E-016
  0.262515129094196      -2.945260268298400E-016  0.262515129094196     
