   1.98078268839839      -0.501306550969394       2.326239200801558E-019
  0.000000000000000E+000 -2.263048887114691E-020 -8.143688494148058E-019
  2.168404344971009E-019  4.878066772260008E-019  7.201809993172006E-002
  4.404913114116750E-019  2.981555974335137E-019 -1.974180557845343E-019
 -4.458234256473594E-019  2.439454888092385E-019 -6.491157751197127E-020
   2.36778582939118      -5.317917533727372E-015  1.216336249272230E-015
  -1.55765507437955       1.746279533620708E-015 -4.032426374125351E-016
   2.36778582939118      -2.721347187519275E-015  1.748881618834673E-015
  -1.55765507437955       8.900665180681957E-016   2.36778582939118     
 -3.937398229410614E-016  8.900601455330082E-016  -1.55765507437955     
  0.280716163435723      -6.312442417321218E-016  1.439188588315015E-016
  0.280716163435723      -3.140308165426101E-016  0.280716163435723     
   1.98078268839839      -0.501306550969394       1.068290118758008E-018
  8.673617379884035E-019 -1.712177199410488E-018  3.809749865885832E-019
 -2.168404344971009E-019 -5.392319975943436E-020  7.201809993172018E-002
 -1.154687940286538E-019  1.355252715606881E-019 -2.364423847051233E-019
  1.224113388961899E-020 -2.168404344971009E-019 -4.343505308664660E-020
   2.36778582939118      -5.317916540111037E-015  1.215469143638637E-015
  -1.55765507437955       1.748881132577007E-015 -3.989061506052200E-016
   2.36778582939118      -2.721129571665308E-015  1.747146409101030E-015
  -1.55765507437955       8.926682261253025E-016   2.36778582939118     
 -3.976430365199139E-016  8.883250464535311E-016  -1.55765507437955     
  0.280716163435723      -6.312440947482327E-016  1.428347711158240E-016
  0.280716163435723      -3.144643858981443E-016  0.280716163435723     
