   2.01459345235111      -0.483495203965675       7.653515864378588E-019
 -1.301042606982605E-018  1.139625802507501E-018  9.082368392622593E-020
  1.084202172485504E-019 -2.448394539374208E-019  7.095082889996791E-002
 -1.367304142074869E-019 -1.355252715606881E-020  8.739175018873911E-020
  3.119090760511422E-019  1.626303258728257E-019 -1.393796930017993E-019
   2.36812977667690      -5.312951006394373E-015  1.220786525720399E-015
  -1.57974770525384       1.776215420725374E-015 -4.047329714497946E-016
   2.36812977667690      -2.723834643236812E-015  1.773613335511408E-015
  -1.57974770525384       9.034193814287386E-016   2.36812977667690     
 -4.003960230075476E-016  9.016846559362722E-016  -1.57974770525384     
  0.289256947200512      -6.509632795964330E-016  1.482317171826377E-016
  0.289256947200512      -3.215577137454541E-016  0.289256947200511     
   2.01459345235111      -0.483495203965675      -2.066391357209830E-018
  4.336808689942018E-019  5.950915107529209E-019  1.260091686584407E-019
  2.168404344971009E-019  2.800156635985531E-020  7.095082889996793E-002
  1.367299523783758E-019  1.016439536705160E-020 -8.738930004384536E-020
 -3.119048558107973E-019 -1.355252715606881E-019  1.393807033872318E-019
   2.36812977667690      -5.313818521512659E-015  1.221220463271326E-015
  -1.57974770525384       1.774480794657499E-015 -4.064679020712406E-016
   2.36812977667690      -2.721015846824256E-015  1.777082879871465E-015
  -1.57974770525384       9.034194644647848E-016   2.36812977667690     
 -3.986614789097144E-016  9.034194633497488E-016  -1.57974770525384     
  0.289256947200511      -6.500959578989828E-016  1.486655248272493E-016
  0.289256947200512      -3.219914313274983E-016  0.289256947200512     
