   2.01066662555842      -0.479126218708354       7.634599918062714E-019
 -4.336808689942018E-019 -1.624767037131974E-019  9.204676631198844E-020
  1.084202172485504E-019 -4.609518696989572E-019  7.056957330696990E-002
  1.904365751628370E-019 -2.270048298641525E-019  8.682337407512847E-020
 -1.229917144269413E-019  3.252606517456513E-019 -2.485883172067071E-019
   2.36762112187214      -5.312927614213145E-015  1.220779073226740E-015
  -1.57906500730727       1.777067769621222E-015 -4.029942844956517E-016
   2.36762112187214      -2.719913524277314E-015  1.771863599193292E-015
  -1.57906500730727       9.051425798005729E-016   2.36762112187214     
 -4.003920771302024E-016  9.051425804414007E-016  -1.57906500730727     
  0.289098635406994      -6.487884249898465E-016  1.493152263012856E-016
  0.289098635406995      -3.224201542709231E-016  0.289098635406994     
   2.01066662555842      -0.479126218708354      -7.636729655153836E-019
  1.301042606982605E-018  1.623238210408180E-019 -9.180810306801193E-020
 -5.421010862427522E-019  2.442834523459757E-019  7.056957330696993E-002
 -1.904091391426130E-019  2.270048298641525E-019 -8.680434704107267E-020
  1.229426622327163E-019 -3.252606517456513E-019  1.401335274528705E-019
   2.36762112187214      -5.313361253422279E-015  1.219044338450423E-015
  -1.57906500730727       1.772730945373682E-015 -4.047291058265586E-016
   2.36762112187214      -2.723166096272350E-015  1.776200392325636E-015
  -1.57906500730727       9.051425639337059E-016   2.36762112187214     
 -3.995246449816698E-016  9.068772939145423E-016  -1.57906500730727     
  0.289098635406994      -6.487884273923988E-016  1.484478933307707E-016
  0.289098635406995      -3.215527950458731E-016  0.289098635406994     
