   1.99405685931312      -0.529172462614224      -9.232793655524710E-019
  0.000000000000000E+000  1.363806172324253E-018 -1.337348275808651E-018
  5.421010862427522E-019 -4.205039445216292E-019  7.613578687482320E-002
 -7.282175694941984E-019  4.878909776184770E-019  1.380836577926009E-020
  3.478341849351980E-019  2.710505431213761E-020  6.452115387160596E-020
   2.44599161911806      -6.048111196042055E-015  1.704742616555966E-015
  -1.62848064149107       2.027875924596654E-015 -5.847685169359842E-016
   2.44599161911805      -3.036377798645177E-015  2.030478009810619E-015
  -1.62848064149107       1.005693900829942E-015   2.44599161911806     
 -5.800707414696606E-016  1.000463049551678E-015  -1.62848064149107     
  0.296737358451495      -7.419054329113632E-016  2.132356010911184E-016
  0.296737358451495      -3.627492190526595E-016  0.296737358451495     
   1.99405685931312      -0.529172462614224       9.224731531911196E-019
  0.000000000000000E+000 -1.364590581560819E-018  4.706596851574953E-019
 -1.084202172485504E-019 -1.096710424078440E-018  7.613578687482320E-002
  5.116652727029012E-019 -2.710505431213761E-019 -4.471867539712066E-019
 -3.479162231816145E-019 -2.710505431213761E-020 -6.462539540573516E-020
   2.44599161911805      -6.048108421482354E-015  1.704742840401028E-015
  -1.62848064149107       2.027874196076596E-015 -5.812987713444797E-016
   2.44599161911806      -3.036429612051969E-015  2.027006834338608E-015
  -1.62848064149107       1.003957736302527E-015   2.44599161911805     
 -5.818059346313674E-016  1.004798260229232E-015  -1.62848064149107     
  0.296737358451495      -7.427720701861832E-016  2.128019144397749E-016
  0.296737358451495      -3.614475015075833E-016  0.296737358451495     
