   1.96881751759960      -0.474158397215293       2.298436468056841E-019
  0.000000000000000E+000  1.278254883718890E-018 -8.195586578573166E-019
  2.168404344971009E-019  2.669801274143044E-019  6.820862607415479E-002
  9.731634465984206E-020  2.710505431213761E-020 -2.633613110749909E-019
 -6.131877728866702E-021  2.303929616531697E-019 -7.046792168262412E-021
   2.29237809077463      -5.144582159979456E-015  1.182108086222286E-015
  -1.48974154685531       1.672318539269536E-015 -3.820043268097956E-016
   2.29237809077463      -2.635133526466767E-015  1.674920624483502E-015
  -1.48974154685531       8.476071483885483E-016   2.29237809077463     
 -3.738053207599900E-016  8.476007991355947E-016  -1.48974154685531     
  0.265487346530087      -5.965081482440532E-016  1.322823892998755E-016
  0.265487346530087      -3.011010235826437E-016  0.265487346530087     
   1.96881751759960      -0.474158397215293      -2.298618809530377E-019
  0.000000000000000E+000 -1.278218745045450E-018  3.859023839304998E-019
 -6.505213034913027E-019 -2.670190172362388E-019  6.820862607415477E-002
  1.194908145027791E-019 -2.439454888092385E-019 -1.703483969807268E-019
 -2.107249255184883E-019 -1.355252715606881E-019  6.124841063176487E-020
   2.29237809077463      -5.144586999669785E-015  1.181672366545140E-015
  -1.48974154685531       1.674056352405628E-015 -3.802682377826525E-016
   2.29237809077463      -2.635787712480122E-015  1.672321628929651E-015
  -1.48974154685531       8.467420887967714E-016   2.29237809077463     
 -3.720692092330455E-016  8.493379062251855E-016  -1.48974154685531     
  0.265487346530087      -5.965094913277660E-016  1.331489737420784E-016
  0.265487346530087      -3.002346778223059E-016  0.265487346530087     
