   1.99974627397694      -0.540563678616567      -1.387778780781446E-017
  3.853446741996562E-018 -4.721399699902642E-018  4.770489558936220E-018
 -1.475321199746717E-018  1.878985006964809E-018  7.787080670324974E-002
 -1.084202172485504E-018 -1.219048591661917E-018 -1.022537176221684E-018
  9.215718466126788E-019  5.718811482733986E-020  1.293677182037098E-018
   2.47821121330697      -5.552248007653285E-015  1.288766078502973E-015
  -1.65784733456597       1.864418273157283E-015 -4.440222912322948E-016
   2.47821121330697      -2.846736565645825E-015  1.862683549681306E-015
  -1.65784733456597       9.332595080157829E-016   2.47821121330697     
 -4.368797659344587E-016  9.349743873487585E-016  -1.65784733456597     
  0.303438142815767      -6.835810626820169E-016  1.594533359148894E-016
  0.303438142815767      -3.424577660888059E-016  0.303438142815766     
   1.99974630266837      -0.540550682376497       1.474514954580286E-017
 -3.853517543758971E-018  4.722321498526757E-018 -5.854691731421724E-018
  1.475375648630258E-018 -3.181167424098546E-018  7.786824628751611E-002
  1.355252715606881E-018  1.219114742038473E-018  1.130721001985907E-018
 -8.673617379884035E-019 -5.725172899057046E-020 -1.510399732008408E-018
   2.47821409672374      -5.552247255847140E-015  1.287087015130326E-015
  -1.65782244070470       1.860948056688132E-015 -4.509625562305090E-016
   2.47821409672374      -2.848472777265910E-015  1.864417503640086E-015
  -1.65782244070470       9.332593398626810E-016   2.47821409672374     
 -4.368802144396932E-016  9.384438297766431E-016  -1.65782244070470     
  0.303427006256217      -6.844479969496517E-016  1.577190667806791E-016
  0.303427006256217      -3.424570726296327E-016  0.303427006256217     
