   1.96442062878279      -0.463514311843859      -2.216295711434922E-018
  6.505213034913027E-019  1.356247764895056E-018 -2.128370089229899E-019
  2.168404344971009E-019  6.301759395118074E-019  6.678127602771668E-002
 -1.912121036353245E-019 -4.336808689942018E-019 -4.845938289055555E-019
  6.876286873997861E-020  0.000000000000000E+000  1.344094619744984E-019
   2.26283676339758      -4.482682840977539E-015  3.192549253623533E-016
  -1.46320575763497       1.444275355893948E-015 -9.252686089760824E-017
   2.26283676339758      -1.631793866897423E-015  1.446877441107913E-015
  -1.46320575763497       5.098528404202704E-016   2.26283676339758     
 -8.906144982092667E-017  5.116154332106607E-016  -1.46320575763497     
  0.259583110419653      -5.104719274015949E-016  2.653423516474571E-017
  0.259583110419654      -1.778377871183688E-016  0.259583110419653     
   1.96442062878279      -0.463514311843859       2.216274150245917E-018
 -6.505213034913027E-019 -1.355976743155501E-018  6.465540663787028E-019
  2.168404344971009E-019 -6.304386818215669E-019  6.678127602771668E-002
  6.249494071554805E-019  2.168404344971009E-019  1.592864575980959E-019
 -6.879791128928772E-020 -2.168404344971009E-019 -2.596068466379767E-020
   2.26283676339758      -4.483983634640774E-015  3.179544112179306E-016
  -1.46320575763497       1.444275215731676E-015 -9.252720024081540E-017
   2.26283676339758      -1.632227667759951E-015  1.446877300945641E-015
  -1.46320575763497       5.115875917843166E-016   2.26283676339758     
 -8.906185434148458E-017  5.150850729607228E-016  -1.46320575763497     
  0.259583110419653      -5.117729379328458E-016  2.523342602904096E-017
  0.259583110419654      -1.778378533325267E-016  0.259583110419653     
