   2.01447668103127      -0.483628227067483       3.465639503150575E-019
 -6.505213034913027E-019 -1.489752114119227E-019 -1.297964291672484E-019
  1.084202172485504E-019  1.852759798605401E-019  7.090721503022764E-002
 -2.124125591140173E-020 -1.355252715606881E-020 -2.234484454330118E-020
  9.257189984274590E-020  3.794707603699266E-019 -2.499188260462852E-019
   2.36824546581940      -5.315006445445666E-015  1.221222687971220E-015
  -1.57970721412734       1.773628106268669E-015 -4.021848547761493E-016
   2.36824546581940      -2.720925551062110E-015  1.773628106268669E-015
  -1.57970721412734       9.025634274050237E-016   2.36824546581940     
 -4.047865576876240E-016  9.025634278192972E-016  -1.57970721412734     
  0.289246836769468      -6.496800402713828E-016  1.489172693197424E-016
  0.289246836769468      -3.220051709681881E-016  0.289246836769468     
   2.01447668103127      -0.483628227067483      -3.466751910499838E-019
  6.505213034913027E-019  5.825922740818454E-019 -8.692441681491700E-020
 -6.505213034913027E-019  6.821556820247398E-019  7.090721503022758E-002
 -8.714371123153083E-020  1.016439536705160E-020 -1.944717333681058E-019
  1.580958658217190E-020 -1.084202172485504E-019  1.414719618554139E-019
   2.36824546581940      -5.316307022854146E-015  1.220355826184152E-015
  -1.57970721412734       1.775362483781235E-015 -4.021852003464877E-016
   2.36824546581940      -2.722009408353187E-015  1.776229845519224E-015
  -1.57970721412734       8.999610865357001E-016   2.36824546581940     
 -4.039195978380549E-016  8.999610850788353E-016  -1.57970721412734     
  0.289246836769468      -6.496798254102286E-016  1.500017015581409E-016
  0.289246836769468      -3.215713306775917E-016  0.289246836769468     
