   2.01632318288726      -0.485493030908162      -1.020408583063884E-019
 -1.301042606982605E-018 -1.615002888111374E-019  9.096034639611642E-020
  2.168404344971009E-019 -2.447273769737168E-019  7.114487485110317E-002
 -1.371111805136784E-019 -2.270048298641525E-019  3.049058441778203E-019
  9.529041490487244E-020  1.626303258728257E-019 -1.392595313265998E-019
   2.36713260286860      -5.312907445914039E-015  1.219481435167753E-015
  -1.57864773316348       1.775324484580718E-015 -4.042989542014858E-016
   2.36713260286860      -2.719898220396893E-015  1.775324484580718E-015
  -1.57864773316348       9.025340315136254E-016   2.36713260286860     
 -4.025635617161033E-016  9.051361436334074E-016  -1.57864773316347     
  0.289011103585903      -6.487847724078386E-016  1.482332164488344E-016
  0.289011103585903      -3.224174219251757E-016  0.289011103585903     
   2.01632318288726      -0.485493030908162      -2.499958535895225E-018
  1.517883041479706E-018 -2.721391076981540E-019 -9.105467687863715E-020
 -2.168404344971009E-019  2.446807101066993E-019  7.114487485110317E-002
  2.865709618838585E-020 -2.032879073410321E-019  1.287532351183851E-019
  1.215790351134210E-019 -5.692061405548898E-019  3.085691321509137E-020
   2.36713260286860      -5.312907544074178E-015  1.218179898241377E-015
  -1.57864773316348       1.775324569672506E-015 -3.986607632388769E-016
   2.36713260286860      -2.722066677013553E-015  1.775324569672506E-015
  -1.57864773316348       9.051361647029634E-016   2.36713260286860     
 -4.008284172913381E-016  9.042688298962143E-016  -1.57864773316348     
  0.289011103585903      -6.496522245472954E-016  1.488834968382886E-016
  0.289011103585903      -3.224174805126149E-016  0.289011103585903     
