   2.01338003018707      -0.485227217407498      -4.590820094833902E-019
 -4.336808689942018E-019 -9.703517688981116E-019 -3.613028763485307E-019
  1.084202172485504E-019 -4.769027485329129E-019  7.042287288948305E-002
  4.457274255088915E-019  1.846531825014375E-019 -2.489182627734982E-019
 -2.505522374131633E-020  2.168404344971009E-019 -2.568692451867548E-019
   2.37021752691439      -5.317826355621709E-015  1.225733748794219E-015
  -1.57999608591875       1.771957313038959E-015 -4.019185823478164E-016
   2.37021752691439      -2.727265552594257E-015  1.771957313038959E-015
  -1.57999608591875       9.052204146538972E-016   2.37021752691439     
 -4.014847554862091E-016  9.026183543695031E-016  -1.57999608591875     
  0.289304136401192      -6.488746537788383E-016  1.490197370333508E-016
  0.289304136401192      -3.207544930587433E-016  0.289304136401192     
   2.01338003018707      -0.485227217407498       8.927740104655684E-019
  1.301042606982605E-018 -3.307381783628183E-019  1.444315437226619E-019
 -2.168404344971009E-019 -1.735796536344701E-019  7.042287288948304E-002
 -4.457203539908910E-019 -1.795709848179117E-019  2.489287133611257E-019
  2.503448198665000E-020 -1.626303258728257E-019  1.484265296843439E-019
   2.37021752691439      -5.317825584966460E-015  1.224866993626004E-015
  -1.57999608591875       1.774558863379500E-015 -4.027866873803700E-016
   2.37021752691439      -2.727481834584860E-015  1.770222054689558E-015
  -1.57999608591875       9.034852932897753E-016   2.37021752691439     
 -4.049544392414687E-016  9.026179817783554E-016  -1.57999608591875     
  0.289304136401192      -6.493080235173899E-016  1.496705677934511E-016
  0.289304136401192      -3.207542694938570E-016  0.289304136401192     
