   2.01460501381084      -0.483488451315363       3.263421060496305E-019
  2.168404344971009E-019 -1.033668773081951E-018 -7.752633899650116E-019
 -2.168404344971009E-019  1.902287302364540E-019  7.094823217346631E-002
 -1.393130476479566E-019 -6.776263578034403E-021  1.956277088847652E-019
 -1.240690050064506E-020  3.794707603699266E-019 -1.384957143314499E-019
   2.36812854558018      -5.313002429849983E-015  1.219056514822720E-015
  -1.57975185274574       1.774475386508058E-015 -4.003725068735123E-016
   2.36812854558018      -2.723876729743393E-015  1.776210109984034E-015
  -1.57975185274574       9.025487952959913E-016   2.36812854558018     
 -4.008054790395631E-016  9.034161823950873E-016  -1.57975185274574     
  0.289256169678982      -6.505226038189263E-016  1.469149672074490E-016
  0.289256169678982      -3.241548608930316E-016  0.289256169678982     
   2.01460501381084      -0.483488451315363      -1.627493768804566E-018
  1.301042606982605E-018 -2.674853348786270E-019 -9.198276712089216E-020
 -6.505213034913027E-019  4.604104226380885E-019  7.094823217346639E-002
  2.477288619873973E-019  6.776263578034403E-021  2.121650017652758E-020
  1.239667792223633E-020 -3.523657060577889E-019  1.384811488358009E-019
   2.36812854558018      -5.312568910369804E-015  1.221224866216516E-015
  -1.57975185274574       1.777077578044453E-015 -3.986377399443111E-016
   2.36812854558018      -2.723009477248009E-015  1.776210216306465E-015
  -1.57975185274574       9.068856756899764E-016   2.36812854558018     
 -4.038412202663895E-016  9.016815297044162E-016  -1.57975185274574     
  0.289256169678982      -6.505226512394320E-016  1.479991563149631E-016
  0.289256169678982      -3.224201682438295E-016  0.289256169678982     
