   2.01554647097221      -0.484614920587872      -1.474514954580286E-017
  2.940536290476947E-018 -1.992107029472537E-018  5.204170427930421E-018
 -1.921590961216920E-018  1.807830996580532E-018  7.105727828795212E-002
 -2.392021043046144E-018 -4.211271396122798E-019 -1.269126029787320E-018
  2.927345865710862E-018 -3.321632776851961E-019  8.822177244869738E-019
   2.36765419751957      -5.308085098606031E-015  1.226982254691516E-015
  -1.57932161528254       1.784096972534544E-015 -4.188415951356940E-016
   2.36765419751957      -2.722709138926426E-015  1.780627525582591E-015
  -1.57932161528254       9.055261837226552E-016   2.36765419751957     
 -4.119029009346913E-016  9.072607701462682E-016  -1.57932161528254     
  0.289166665844767      -6.538653945049426E-016  1.572990739476021E-016
  0.289166665844767      -3.175001711432232E-016  0.289166665844766     
   2.01552741082128      -0.484537882699993       1.344410693882025E-017
 -2.940448780175010E-018  3.727426840694073E-018 -5.204170427930421E-018
  1.054132865840153E-018 -1.808650102874272E-018  7.105147540687229E-002
  2.398797306624179E-018  4.211044207128022E-019  1.282543197148007E-018
 -2.493664996716660E-018  7.658588582600620E-019 -1.315667986046039E-018
   2.36763464002056      -5.308084509850826E-015  1.227848872571712E-015
  -1.57921823335072       1.784095824101005E-015 -4.153711735328118E-016
   2.36763464002056      -2.720974450184680E-015  1.780626377149051E-015
  -1.57921823335072       9.020542808876761E-016   2.36763464002056     
 -4.153716281728195E-016  9.020541733915769E-016  -1.57921823335072     
  0.289138086035407      -6.538648016808783E-016  1.572987712223514E-016
  0.289138086035407      -3.201006870639842E-016  0.289138086035407     
