   1.99130977555711      -0.523551477879238      -1.069375186429733E-018
 -1.084202172485504E-018  1.276376523750760E-018 -1.591322885436494E-019
  2.168404344971009E-019 -1.591220957611366E-019  7.528884726524096E-002
  4.543955142701540E-019 -1.626303258728257E-019  2.182580195982803E-019
 -2.340194466673108E-019  4.878909776184770E-019  2.572600517498762E-019
   2.43018851865796      -5.455261511364860E-015  1.252784733009489E-015
  -1.61417212280944       1.809645869000585E-015 -4.110955682847589E-016
   2.43018851865796      -2.790484175726066E-015  1.812247954214550E-015
  -1.61417212280944       9.176405924559555E-016   2.43018851865796     
 -4.111356573994484E-016  9.124298970366071E-016  -1.61417212280944     
  0.293494004980901      -6.589655284764005E-016  1.501750639040798E-016
  0.293494004980901      -3.299396923707022E-016  0.293494004980901     
   1.99130977555711      -0.523551477879238       2.021335878571293E-019
  0.000000000000000E+000  2.473105145935603E-020  1.588830692159438E-019
 -2.168404344971009E-019  1.589597219217584E-019  7.528884726524097E-002
 -2.374209236255436E-019  1.626303258728257E-019 -2.181403709302255E-019
 -1.996719265448590E-019 -2.981555974335137E-019  3.932433931142128E-019
   2.43018851865796      -5.455262782773609E-015  1.252784929010295E-015
  -1.61417212280944       1.810514093409100E-015 -4.136976213392969E-016
   2.43018851865796      -2.793033130293905E-015  1.810514093409100E-015
  -1.61417212280944       9.150392633092150E-016   2.43018851865796     
 -4.094012505421413E-016  9.159000552833004E-016  -1.61417212280944     
  0.293494004980901      -6.580986671154494E-016  1.506088339010711E-016
  0.293494004980901      -3.273380240816076E-016  0.293494004980901     
