   2.01105481958025      -0.489089768316281       2.239692731898713E-018
  1.084202172485504E-018  2.131723105498836E-018  5.085494859833087E-020
 -2.168404344971009E-019 -4.918939095422024E-019  6.963068082185106E-002
  4.993067440999017E-019  1.355252715606881E-019 -6.869746491406345E-019
 -3.636065352888032E-019  1.084202172485504E-019 -2.115609363096339E-019
   2.37535746826539      -5.329128859914009E-015  1.227929817852815E-015
  -1.58106404381162       1.779884098461506E-015 -4.025492197397213E-016
   2.37535746826539      -2.732943404745706E-015  1.778149374985529E-015
  -1.58106404381162       9.018605065754346E-016   2.37535746826539     
 -4.021166656759538E-016  9.035951645150056E-016  -1.58106404381161     
  0.289512240075048      -6.476619770882951E-016  1.484744469069719E-016
  0.289512240075048      -3.225655372494991E-016  0.289512240075048     
   2.01105481958025      -0.489089768316281      -5.045901992913929E-019
  6.505213034913027E-019  3.072641882800898E-018  1.656511383974298E-019
  3.252606517456513E-019 -5.924646376885781E-019  6.963068082185112E-002
  1.509922914344238E-019  7.453889935837843E-019 -1.805262950447136E-019
  3.845874704639123E-020 -1.084202172485504E-019 -5.220453372617954E-021
   2.37535746826539      -5.328695908009606E-015  1.229663815719108E-015
  -1.58106404381162       1.775547676926211E-015 -4.021149626146483E-016
   2.37535746826539      -2.731642874729115E-015  1.777282400402188E-015
  -1.58106404381162       9.027281316847788E-016   2.37535746826539     
 -4.021160503501588E-016  9.027280639787992E-016  -1.58106404381162     
  0.289512240075048      -6.467946592994626E-016  1.476066414785121E-016
  0.289512240075048      -3.238665915322837E-016  0.289512240075048     
