   1.98592476085551      -0.512348108880398       2.306638100275007E-019
  6.505213034913027E-019 -2.477429469300598E-020 -3.766788574055570E-019
 -1.084202172485504E-019 -1.596768390036805E-019  7.362874077971317E-002
  1.228200000980569E-019 -1.626303258728257E-019  1.057625834700458E-019
 -1.235200661547387E-019 -1.626303258728257E-019 -1.752054130193120E-019
   2.39874115231435      -5.383113146925887E-015  1.232613061862976E-015
  -1.58563773217223       1.780561087926411E-015 -4.039184109727975E-016
   2.39874115231435      -2.751709300825614E-015  1.779693726188423E-015
  -1.58563773217223       8.999477554571810E-016   2.39874115231434     
 -4.069956715465735E-016  9.025433713485877E-016  -1.58563773217223     
  0.287025302953330      -6.418502625278820E-016  1.503016620450477E-016
  0.287025302953330      -3.198154046337461E-016  0.287025302953330     
   1.98592476085551      -0.512348108880398       1.070324349442799E-018
  1.951563910473908E-018 -2.143653513833137E-018  3.768184554481568E-019
 -6.505213034913027E-019 -5.707766915524628E-020  7.362874077971313E-002
 -2.312757960579169E-019 -2.710505431213761E-019  2.194709269015443E-019
  1.508916320264453E-020 -4.878909776184770E-019 -4.164496576187585E-020
   2.39874115231435      -5.382243720619223E-015  1.232612995909000E-015
  -1.58563773217223       1.781426977697641E-015 -4.047859942649204E-016
   2.39874115231435      -2.753442482864374E-015  1.780559615959652E-015
  -1.58563773217223       9.034160902678294E-016   2.39874115231435     
 -4.048268496748372E-016  8.999402024425636E-016  -1.58563773217223     
  0.287025302953330      -6.431506038197543E-016  1.498679067699110E-016
  0.287025302953330      -3.206822447818729E-016  0.287025302953330     
