   2.00906192415956      -0.477482205518569      -1.517883041479706E-017
  2.941640056097186E-018 -1.976271330674375E-018  4.770489558936220E-018
 -1.922328360529092E-018  1.799201986130923E-018  7.041589894846288E-002
 -2.595308950387176E-018  1.148286155838587E-020 -1.475449412980816E-018
  2.276824562219559E-018 -3.314419974458287E-019  8.882857965963242E-019
   2.36753020853485      -5.308082189550823E-015  1.226980847666346E-015
  -1.57807109851062       1.782350030581069E-015 -4.153732805865886E-016
   2.36753020853485      -2.722700651364053E-015  1.780615307105092E-015
  -1.57807109851062       9.002827199283981E-016   2.36753020853485     
 -4.188408392947191E-016  9.037518802040263E-016  -1.57807109851062     
  0.288785614467172      -6.529913165111689E-016  1.538331017092223E-016
  0.288785614467172      -3.200753870103675E-016  0.288785614467171     
   2.00903975570868      -0.477397779095912       1.561251128379126E-017
 -2.941632388533537E-018  4.577381241628448E-018 -4.987329993433320E-018
  1.922308719078331E-018 -1.364714357088434E-018  7.040947729373437E-002
  2.595308950387176E-018 -1.145137876950762E-020  1.479147288005192E-018
 -2.059984127722458E-018  3.314170340895317E-019 -6.716201192668060E-019
   2.36752395271385      -5.308081769256045E-015  1.227847446606053E-015
  -1.57798269524160       1.784083674136301E-015 -4.153722909107822E-016
   2.36752395271385      -2.724437297578070E-015  1.784083674136301E-015
  -1.57798269524160       9.037510211657577E-016   2.36752395271385     
 -4.084317084473793E-016  9.037507638557358E-016  -1.57798269524160     
  0.288761384627957      -6.529907535724535E-016  1.538327732186228E-016
  0.288761384627957      -3.200746690896600E-016  0.288761384627957     
