   1.97342974608621      -0.484922128075113      -1.070811379299606E-018
 -8.673617379884035E-019  8.440301121397259E-019 -1.657975328374551E-019
 -1.084202172485504E-019  2.694842234928971E-019  6.969371719269310E-002
 -3.289030748548034E-019 -1.897353801849633E-019  1.259956894982205E-020
 -8.753943323289211E-021  2.710505431213761E-020 -6.288812926822070E-020
   2.32216358641716      -5.212343935029463E-015  1.196243030853828E-015
  -1.51648541850744       1.699641535493738E-015 -3.896381844357061E-016
   2.32216358641716      -2.664927100949404E-015  1.701376258969715E-015
  -1.51648541850744       8.618107958980421E-016   2.32216358641716     
 -3.862103529307362E-016  8.609370730335293E-016  -1.51648541850744     
  0.271459661674402      -6.101389866462318E-016  1.397598827191240E-016
  0.271459661674402      -3.051429182053239E-016  0.271459661674402     
   1.97342974608621      -0.484922128075113       2.036708110426789E-019
 -8.673617379884035E-019 -4.101675886253085E-019  3.824309320020296E-019
 -1.192622389734055E-018  8.145472792674534E-019  6.969371719269307E-002
 -2.131955229939446E-019 -4.607859233063394E-019  2.042361208038215E-019
 -4.550771918002434E-020 -2.439454888092385E-019  2.254813230795711E-019
   2.32216358641716      -5.212777695662776E-015  1.194940303533075E-015
  -1.51648541850744       1.702243781475645E-015 -3.896369741726704E-016
   2.32216358641716      -2.665577627029453E-015  1.700509057999668E-015
  -1.51648541850744       8.618108861428444E-016   2.32216358641716     
 -3.892451146236699E-016  8.600697949456764E-016  -1.51648541850744     
  0.271459661674402      -6.097054683278951E-016  1.393256195979197E-016
  0.271459661674402      -3.038419801362704E-016  0.271459661674402     
