   1.88622670065800      -0.463117247490469       1.561251128379126E-017
 -2.092790946578081E-017  1.613609242507942E-021 -5.204170427930421E-018
  7.663068497264008E-018 -1.006222704456206E-022  0.165030662378372     
  2.602085213965211E-018 -5.125694720240374E-018 -1.275092860005176E-018
 -1.951563910473908E-018  3.213116567261621E-018  1.600530390044172E-021
   2.03643879709350      -4.560352738310605E-015  1.047684311427884E-015
  -1.04422631858640       1.170779874978561E-015 -2.543106557491116E-016
   2.03643879709350      -2.315157909830556E-015  1.170779874978561E-015
  -1.04422631858640       5.879246285370421E-016   2.03643879709350     
 -2.543106482248760E-016  5.879250512983098E-016  -1.04422631858640     
  0.160616710189761      -3.642322181738441E-016  7.273677769703195E-017
  0.160616710189761      -1.803184676577228E-016  0.160616710189761     
   1.88625061946522      -0.463171397179415      -1.561251128379126E-017
  2.092868086704604E-017 -1.700708664332914E-021  5.204170427930421E-018
 -7.663891758758170E-018  2.006467631502880E-022  0.165040748964194     
 -3.035766082959412E-018  4.691747165074286E-018  4.083825245260584E-019
  2.168404344971009E-018 -3.239945356892073E-018 -4.359308336969196E-019
   2.03643125481088      -4.560352213772928E-015  1.048119193553591E-015
  -1.04426233992579       1.170779922600430E-015 -2.543118260555274E-016
   2.03643125481088      -2.315158489091053E-015  1.170779922600430E-015
  -1.04426233992579       5.931309723190386E-016   2.03643125481088     
 -2.542028798463941E-016  5.931311528411077E-016  -1.04426233992579     
  0.160623435565678      -3.633919124050344E-016  7.094845831656984E-017
  0.160623435565678      -1.829215451496782E-016  0.160623435565678     
