   2.01472919627557      -0.483571259788583       3.367123518270896E-018
 -4.336808689942018E-019 -5.953030777114353E-019  9.112154548895097E-020
  6.505213034913027E-019 -6.783273547692899E-019  7.095743675647971E-002
 -1.366515937627298E-019 -2.236166980751353E-019  1.967150081885900E-019
  2.034247148611402E-019  3.794707603699266E-019 -2.478445009714466E-019
   2.36784806989564      -5.313371927832595E-015  1.220352057453389E-015
  -1.57943111151351       1.775340933748825E-015 -4.025647075798438E-016
   2.36784806989564      -2.722740717927759E-015  1.776208295486814E-015
  -1.57943111151351       9.034139594792925E-016   2.36784806989564     
 -4.025643195884941E-016  9.034139725547585E-016  -1.57943111151351     
  0.289186159844536      -6.505264945992241E-016  1.477985876201548E-016
  0.289186159844537      -3.215553726183634E-016  0.289186159844536     
   2.01472919627557      -0.483571259788583       9.694559970530676E-019
  1.301042606982605E-018 -7.058778538277398E-019  1.259546401810499E-019
 -1.084202172485504E-019 -1.888926456535490E-019  7.095743675647967E-002
 -8.013486418120529E-020 -2.032879073410321E-019  2.100569051256528E-020
  1.335933007079399E-020 -1.626303258728257E-019  3.096798824603702E-020
   2.36784806989564      -5.312938273352917E-015  1.220352109121219E-015
  -1.57943111151351       1.774473596755096E-015 -4.021310044636458E-016
   2.36784806989564      -2.721656536163705E-015  1.774473596755096E-015
  -1.57943111151351       9.025466189995241E-016   2.36784806989564     
 -4.047328365734136E-016  9.042813506405388E-016  -1.57943111151351     
  0.289186159844536      -6.509601842183544E-016  1.477986185613442E-016
  0.289186159844536      -3.219890592935003E-016  0.289186159844536     
