   2.00251839747809      -0.503863418992133      -9.150271482431387E-019
 -1.951563910473908E-018 -2.872916747574128E-018 -1.906940790675179E-020
 -4.336808689942018E-019  1.186370896183171E-019  6.850765591258111E-002
 -8.427984875269114E-019 -4.336808689942018E-019  3.289703459069911E-019
 -2.998121322551620E-019  0.000000000000000E+000 -1.306810973727343E-019
   2.39670581898977      -5.377615185131318E-015  1.241310324259273E-015
  -1.58617249852215       1.777691051572216E-015 -4.067733021888240E-016
   2.39670581898977      -2.757206373189161E-015  1.776823689834228E-015
  -1.58617249852215       9.039716492280472E-016   2.39670581898977     
 -4.085084846687993E-016  9.022369213328961E-016  -1.58617249852215     
  0.290693074540157      -6.504976578002576E-016  1.472722047390414E-016
  0.290693074540157      -3.232168098942019E-016  0.290693074540157     
   2.00251839747809      -0.503863418992133       1.781500001307730E-018
 -1.517883041479706E-018  2.701026672996276E-019  1.988321034224974E-020
  4.336808689942018E-019  3.157156010786316E-019  6.850765591258115E-002
  1.927411274921277E-019  0.000000000000000E+000 -1.117534507395226E-019
  5.164147394255043E-019  0.000000000000000E+000  1.304835553809566E-019
   2.39670581898977      -5.378918521399784E-015  1.240443217163503E-015
  -1.58617249852215       1.776825387286334E-015 -4.072070208872273E-016
   2.39670581898977      -2.757641891813298E-015  1.776825387286334E-015
  -1.58617249852215       9.013709383246428E-016   2.39670581898977     
 -4.067741274737657E-016  9.057076968663515E-016  -1.58617249852215     
  0.290693074540157      -6.496312720751199E-016  1.468386588909149E-016
  0.290693074540157      -3.223502219544591E-016  0.290693074540157     
