   1.99383300484528      -0.469526410487632      -9.895600735297392E-019
 -1.517883041479706E-018 -6.082635133668432E-019  1.064990699483419E-019
  9.757819552369540E-019 -2.343665789440604E-019  6.967362858978073E-002
  1.902385819009582E-019  2.100641709190665E-019 -1.289886502543927E-019
 -3.396370568220319E-019  1.084202172485504E-019 -1.397154546381587E-019
   2.40304016615374      -5.393343304436423E-015  1.240126563158003E-015
  -1.62703038564707       1.828346928492908E-015 -4.106444666378021E-016
   2.40304016615374      -2.758230545923187E-015  1.824010119802966E-015
  -1.62703038564707       9.292948857060164E-016   2.40304016615374     
 -4.166684363363402E-016  9.275657023899115E-016  -1.62703038564707     
  0.301817465772917      -6.765829574641013E-016  1.506519294554408E-016
  0.301817465772917      -3.388212126771805E-016  0.301817465772917     
   1.99383300484528      -0.469526410487633      -1.612613925892688E-018
  4.336808689942018E-019  1.475554999438440E-018  1.104379164994374E-019
  2.168404344971009E-019  1.760283698317794E-020  6.967362858978073E-002
  1.350438634930206E-019  2.236166980751353E-019 -3.046748977956814E-019
 -9.405627485537020E-020 -3.252606517456513E-019  1.397051301078008E-019
   2.40304016615374      -5.393343226214323E-015  1.240560458348061E-015
  -1.62703038564707       1.824010078045827E-015 -4.119456782136524E-016
   2.40304016615374      -2.757471552060841E-015  1.828346886735769E-015
  -1.62703038564707       9.275601342913024E-016   2.40304016615374     
 -4.136327909941359E-016  9.293003992216243E-016  -1.62703038564707     
  0.301817465772917      -6.774503019331320E-016  1.510856938090966E-016
  0.301817465772917      -3.366527970998557E-016  0.301817465772917     
