   2.01474088473523      -0.483590316656586       1.632539892563702E-018
 -1.301042606982605E-018  2.721796261535036E-019 -3.427020908431179E-019
 -2.168404344971009E-019  1.889104014249142E-019  7.096111120140937E-002
 -1.367348997563081E-019 -1.016439536705160E-020  8.739201844598031E-020
  2.034604286427289E-019  3.523657060577889E-019 -2.478206933086270E-019
   2.36751690084941      -5.312924255207602E-015  1.220783347750440E-015
  -1.57906986848615       1.774466242995932E-015 -3.986607141529109E-016
   2.36751690084941      -2.721645780977035E-015  1.777068328209897E-015
  -1.57906986848615       9.051430659626014E-016   2.36751690084941     
 -4.012624061840733E-016  9.051430826292028E-016  -1.57906986848615     
  0.289104907608751      -6.496560956762038E-016  1.482323952390875E-016
  0.289104907608751      -3.232877800661769E-016  0.289104907608751     
   2.01474088473523      -0.483590316656586      -1.632598148911756E-018
  1.301042606982605E-018  1.614724731259116E-019 -9.092157269011113E-020
 -6.505213034913027E-019  4.616388761217841E-019  7.096111120140934E-002
  1.367540824655367E-019  1.016439536705160E-020 -8.738261007965576E-020
  1.336094477852757E-020 -1.355252715606881E-019 -7.745069760624388E-020
   2.36751690084941      -5.313358018004938E-015  1.220349703076964E-015
  -1.57906986848615       1.776201017022008E-015 -4.029975464425040E-016
   2.36751690084941      -2.721862682097162E-015  1.773598931808043E-015
  -1.57906986848615       9.025410214550974E-016   2.36751690084941     
 -4.042981912006882E-016  9.034083939538017E-016  -1.57906986848615     
  0.289104907608751      -6.492224468815339E-016  1.493165897131760E-016
  0.289104907608752      -3.219867613956230E-016  0.289104907608751     
