   2.01459345235107      -0.483495203965626       7.653515864379041E-019
 -1.301042606982605E-018  7.059449335133473E-019 -1.260167505708596E-019
 -3.252606517456513E-019  1.888414150567806E-019  7.095082889996206E-002
  8.011002028948634E-020 -1.355252715606881E-020  1.958119674371921E-019
  9.506864155407366E-020 -5.421010862427522E-020 -3.095947575322513E-020
   2.36812977667668      -5.314685729870334E-015  1.221220206589393E-015
  -1.57974770525355       1.776215420725363E-015 -4.051666523187906E-016
   2.36812977667668      -2.723184121933308E-015  1.777082782463351E-015
  -1.57974770525355       9.051541049047074E-016   2.36812977667668     
 -4.025644273525170E-016  9.025520176742525E-016  -1.57974770525355     
  0.289256947200439      -6.500959178584396E-016  1.495327597896208E-016
  0.289256947200439      -3.224250754834389E-016  0.289256947200439     
   2.01459345235107      -0.483495203965626      -3.316678812330300E-019
  4.336808689942018E-019  5.950915107529098E-019 -9.083126583864977E-020
 -2.168404344971009E-019  4.616824353540668E-019  7.095082889996210E-002
  2.830973512985177E-020  1.016439536705160E-020  2.103091720473250E-020
  1.335579593485633E-020 -5.692061405548898E-019  2.478009206357832E-019
   2.36812977667668      -5.313818521512651E-015  1.220353101533337E-015
  -1.57974770525355       1.777950241609448E-015 -4.038658168572729E-016
   2.36812977667668      -2.722316889431233E-015  1.777082879871459E-015
  -1.57974770525355       9.034194644647810E-016   2.36812977667667     
 -3.986614789097168E-016  9.051541868257219E-016  -1.57974770525355     
  0.289256947200439      -6.496622770299864E-016  1.482318439582557E-016
  0.289256947200439      -3.219914313274967E-016  0.289256947200439     
