   2.00807005408883      -0.493913312100800       2.340997389333446E-018
 -2.168404344971009E-018 -8.370396123924119E-019  2.550659103017023E-019
  2.168404344971009E-019 -6.568615682856451E-020  6.892180138060650E-002
 -7.016920092401802E-020 -4.336808689942018E-019  1.277489088546190E-019
 -2.701331575749483E-019  1.084202172485504E-019 -2.211968120090808E-019
   2.38249085798636      -5.346736841374875E-015  1.230692829009797E-015
  -1.58289089570728       1.780023268737247E-015 -3.997076019519040E-016
   2.38249085798636      -2.742051118693641E-015  1.777421183523281E-015
  -1.58289089570728       8.993773873606186E-016   2.38249085798636     
 -4.031758999161163E-016  9.002448375485226E-016  -1.58289089570728     
  0.289931952674919      -6.520852175699967E-016  1.472633397679217E-016
  0.289931952674919      -3.252404414357721E-016  0.289931952674919     
   2.00807005408883      -0.493913312100800      -6.061061105127814E-019
  6.505213034913027E-019  1.704513720859922E-018  1.785221642186589E-019
 -1.084202172485504E-019 -1.512048307233789E-019  6.892180138060650E-002
 -1.014274079202582E-018 -2.710505431213761E-020  3.057518731563737E-019
  3.787036361125999E-019  1.084202172485504E-019 -3.207960357989089E-019
   2.38249085798636      -5.345001897810678E-015  1.231126250005996E-015
  -1.58289089570728       1.777421050326193E-015 -3.992737624896314E-016
   2.38249085798636      -2.740749907660422E-015  1.778288412064181E-015
  -1.58289089570728       9.028467305759663E-016   2.38249085798636     
 -4.014409799283978E-016  9.002447291027967E-016  -1.58289089570728     
  0.289931952674919      -6.525188966657088E-016  1.466127397675094E-016
  0.289931952674919      -3.235057097256345E-016  0.289931952674919     
