   2.01456984880418      -0.483504951339319      -9.821204413173182E-020
 -6.505213034913027E-019  2.754539000931519E-019 -1.271174319502179E-019
 -3.252606517456513E-019 -2.458575088708359E-019  7.094521987411453E-002
 -1.351536450043956E-019 -2.270048298641525E-019  1.952614870782891E-019
 -1.401627908230882E-020  1.626303258728257E-019 -3.151704725936821E-020
   2.36812222221653      -5.313352139534065E-015  1.221651089186609E-015
  -1.57970942287600       1.776218865089958E-015 -3.991086544560202E-016
   2.36812222221653      -2.723808906042476E-015  1.775351503351970E-015
  -1.57970942287600       9.034222602580305E-016   2.36812222221653     
 -4.043124669483368E-016  9.025549010068275E-016  -1.57970942287600     
  0.289246948689786      -6.505340996739678E-016  1.480237423268654E-016
  0.289246948689786      -3.206939872351546E-016  0.289246948689786     
   2.01456984880418      -0.483504951339319      -1.202449238340463E-018
  4.336808689942018E-019  5.922085880197845E-019  3.435651238296339E-019
 -2.168404344971009E-019  2.455478703951372E-019  7.094521987411449E-002
 -8.174572954173676E-020 -2.066760391300493E-019  2.153081032929219E-020
  1.225060294143626E-019 -5.421010862427522E-019  2.484115668775467E-019
   2.36812222221653      -5.315086970109910E-015  1.221217045985414E-015
  -1.57970942287600       1.776218952935237E-015 -3.986747146284812E-016
   2.36812222221653      -2.725760537490620E-015  1.776218952935237E-015
  -1.57970942287600       9.034223133948623E-016   2.36812222221653     
 -4.030111284950531E-016  9.051570446318207E-016  -1.57970942287600     
  0.289246948689786      -6.505341508059160E-016  1.478067255933079E-016
  0.289246948689786      -3.232961036375458E-016  0.289246948689786     
