 &plot nbnd=   8, nks=   500 /
            0.088370  0.088370  0.088370
   -4.871   -1.777    4.420    4.420    6.012    9.536    9.536   13.106
            0.088049  0.088049  0.088049
   -4.871   -1.777    4.420    4.420    6.012    9.536    9.536   13.106
            0.087728  0.087728  0.087728
   -4.871   -1.776    4.420    4.420    6.012    9.536    9.536   13.106
            0.087406  0.087406  0.087406
   -4.872   -1.775    4.421    4.421    6.012    9.536    9.536   13.106
            0.087085  0.087085  0.087085
   -4.873   -1.774    4.421    4.421    6.012    9.536    9.536   13.107
            0.086764  0.086764  0.086764
   -4.874   -1.771    4.421    4.421    6.013    9.536    9.536   13.107
            0.086442  0.086442  0.086442
   -4.876   -1.769    4.421    4.421    6.013    9.536    9.536   13.108
            0.086121  0.086121  0.086121
   -4.878   -1.766    4.422    4.422    6.013    9.536    9.536   13.108
            0.085800  0.085800  0.085800
   -4.880   -1.762    4.422    4.422    6.014    9.537    9.537   13.109
            0.085478  0.085478  0.085478
   -4.882   -1.759    4.423    4.423    6.014    9.537    9.537   13.109
            0.085157  0.085157  0.085157
   -4.885   -1.754    4.423    4.423    6.015    9.537    9.537   13.110
            0.084836  0.084836  0.084836
   -4.888   -1.749    4.424    4.424    6.015    9.537    9.537   13.111
            0.084514  0.084514  0.084514
   -4.892   -1.744    4.424    4.424    6.016    9.538    9.538   13.112
            0.084193  0.084193  0.084193
   -4.895   -1.738    4.425    4.425    6.017    9.538    9.538   13.113
            0.083872  0.083872  0.083872
   -4.899   -1.732    4.426    4.426    6.018    9.538    9.538   13.114
            0.083550  0.083550  0.083550
   -4.903   -1.726    4.427    4.427    6.018    9.539    9.539   13.115
            0.083229  0.083229  0.083229
   -4.908   -1.719    4.427    4.427    6.019    9.539    9.539   13.116
            0.082908  0.082908  0.082908
   -4.913   -1.711    4.428    4.428    6.020    9.540    9.540   13.118
            0.082586  0.082586  0.082586
   -4.917   -1.703    4.429    4.429    6.021    9.540    9.540   13.119
            0.082265  0.082265  0.082265
   -4.923   -1.695    4.430    4.430    6.022    9.541    9.541   13.120
            0.081944  0.081944  0.081944
   -4.928   -1.686    4.432    4.432    6.023    9.541    9.541   13.122
            0.081622  0.081622  0.081622
   -4.934   -1.677    4.433    4.433    6.025    9.542    9.542   13.124
            0.081301  0.081301  0.081301
   -4.940   -1.668    4.434    4.434    6.026    9.542    9.542   13.125
            0.080979  0.080979  0.080979
   -4.946   -1.658    4.435    4.435    6.027    9.543    9.543   13.127
            0.080658  0.080658  0.080658
   -4.952   -1.648    4.436    4.436    6.028    9.544    9.544   13.129
            0.080337  0.080337  0.080337
   -4.959   -1.637    4.438    4.438    6.030    9.544    9.544   13.131
            0.080015  0.080015  0.080015
   -4.966   -1.626    4.439    4.439    6.031    9.545    9.545   13.133
            0.079694  0.079694  0.079694
   -4.973   -1.614    4.441    4.441    6.033    9.546    9.546   13.135
            0.079373  0.079373  0.079373
   -4.980   -1.602    4.442    4.442    6.034    9.546    9.546   13.137
            0.079051  0.079051  0.079051
   -4.988   -1.590    4.444    4.444    6.036    9.547    9.547   13.139
            0.078730  0.078730  0.078730
   -4.996   -1.578    4.445    4.445    6.038    9.548    9.548   13.141
            0.078409  0.078409  0.078409
   -5.004   -1.565    4.447    4.447    6.039    9.549    9.549   13.143
            0.078087  0.078087  0.078087
   -5.012   -1.551    4.449    4.449    6.041    9.549    9.549   13.146
            0.077766  0.077766  0.077766
   -5.020   -1.538    4.451    4.451    6.043    9.550    9.550   13.148
            0.077445  0.077445  0.077445
   -5.028   -1.524    4.453    4.453    6.045    9.551    9.551   13.150
            0.077123  0.077123  0.077123
   -5.037   -1.509    4.455    4.455    6.047    9.552    9.552   13.153
            0.076802  0.076802  0.076802
   -5.046   -1.495    4.457    4.457    6.049    9.553    9.553   13.155
            0.076481  0.076481  0.076481
   -5.055   -1.480    4.459    4.459    6.051    9.554    9.554   13.158
            0.076159  0.076159  0.076159
   -5.064   -1.464    4.461    4.461    6.053    9.555    9.555   13.160
            0.075838  0.075838  0.075838
   -5.073   -1.448    4.463    4.463    6.055    9.555    9.555   13.163
            0.075517  0.075517  0.075517
   -5.083   -1.432    4.465    4.465    6.058    9.556    9.556   13.166
            0.075195  0.075195  0.075195
   -5.092   -1.416    4.467    4.467    6.060    9.557    9.557   13.168
            0.074874  0.074874  0.074874
   -5.102   -1.400    4.470    4.470    6.062    9.558    9.558   13.171
            0.074553  0.074553  0.074553
   -5.112   -1.383    4.472    4.472    6.065    9.559    9.559   13.174
            0.074231  0.074231  0.074231
   -5.122   -1.365    4.474    4.474    6.067    9.560    9.560   13.176
            0.073910  0.073910  0.073910
   -5.132   -1.348    4.477    4.477    6.070    9.561    9.561   13.179
            0.073588  0.073588  0.073588
   -5.143   -1.330    4.479    4.479    6.072    9.562    9.562   13.182
            0.073267  0.073267  0.073267
   -5.153   -1.312    4.482    4.482    6.075    9.563    9.563   13.185
            0.072946  0.072946  0.072946
   -5.163   -1.294    4.485    4.485    6.078    9.564    9.564   13.187
            0.072624  0.072624  0.072624
   -5.174   -1.275    4.487    4.487    6.081    9.565    9.565   13.190
            0.072303  0.072303  0.072303
   -5.185   -1.256    4.490    4.490    6.083    9.566    9.566   13.193
            0.071982  0.071982  0.071982
   -5.196   -1.237    4.493    4.493    6.086    9.567    9.567   13.196
            0.071660  0.071660  0.071660
   -5.207   -1.218    4.496    4.496    6.089    9.568    9.568   13.198
            0.071339  0.071339  0.071339
   -5.218   -1.198    4.499    4.499    6.092    9.569    9.569   13.201
            0.071018  0.071018  0.071018
   -5.229   -1.178    4.502    4.502    6.095    9.570    9.570   13.203
            0.070696  0.070696  0.070696
   -5.240   -1.158    4.505    4.505    6.098    9.570    9.570   13.206
            0.070375  0.070375  0.070375
   -5.251   -1.138    4.508    4.508    6.101    9.571    9.571   13.208
            0.070054  0.070054  0.070054
   -5.262   -1.117    4.511    4.511    6.105    9.572    9.572   13.210
            0.069732  0.069732  0.069732
   -5.274   -1.096    4.514    4.514    6.108    9.573    9.573   13.212
            0.069411  0.069411  0.069411
   -5.285   -1.075    4.517    4.517    6.111    9.574    9.574   13.214
            0.069090  0.069090  0.069090
   -5.297   -1.054    4.521    4.521    6.114    9.575    9.575   13.216
            0.068768  0.068768  0.068768
   -5.308   -1.032    4.524    4.524    6.118    9.576    9.576   13.218
            0.068447  0.068447  0.068447
   -5.320   -1.010    4.527    4.527    6.121    9.577    9.577   13.219
            0.068126  0.068126  0.068126
   -5.332   -0.988    4.531    4.531    6.125    9.578    9.578   13.221
            0.067804  0.067804  0.067804
   -5.344   -0.966    4.534    4.534    6.128    9.578    9.578   13.221
            0.067483  0.067483  0.067483
   -5.355   -0.944    4.538    4.538    6.132    9.579    9.579   13.222
            0.067162  0.067162  0.067162
   -5.367   -0.921    4.541    4.541    6.136    9.580    9.580   13.223
            0.066840  0.066840  0.066840
   -5.379   -0.898    4.545    4.545    6.139    9.581    9.581   13.223
            0.066519  0.066519  0.066519
   -5.391   -0.875    4.549    4.549    6.143    9.581    9.581   13.222
            0.066197  0.066197  0.066197
   -5.403   -0.852    4.553    4.553    6.147    9.582    9.582   13.221
            0.065876  0.065876  0.065876
   -5.415   -0.828    4.556    4.556    6.151    9.583    9.583   13.220
            0.065555  0.065555  0.065555
   -5.427   -0.805    4.560    4.560    6.155    9.583    9.583   13.218
            0.065233  0.065233  0.065233
   -5.439   -0.781    4.564    4.564    6.159    9.584    9.584   13.216
            0.064912  0.064912  0.064912
   -5.451   -0.757    4.568    4.568    6.163    9.584    9.584   13.213
            0.064591  0.064591  0.064591
   -5.463   -0.733    4.572    4.572    6.167    9.585    9.585   13.209
            0.064269  0.064269  0.064269
   -5.475   -0.708    4.576    4.576    6.171    9.585    9.585   13.204
            0.063948  0.063948  0.063948
   -5.488   -0.684    4.581    4.581    6.175    9.586    9.586   13.199
            0.063627  0.063627  0.063627
   -5.500   -0.659    4.585    4.585    6.180    9.586    9.586   13.193
            0.063305  0.063305  0.063305
   -5.512   -0.634    4.589    4.589    6.184    9.587    9.587   13.186
            0.062984  0.062984  0.062984
   -5.524   -0.609    4.593    4.593    6.188    9.587    9.587   13.177
            0.062663  0.062663  0.062663
   -5.536   -0.584    4.598    4.598    6.193    9.587    9.587   13.168
            0.062341  0.062341  0.062341
   -5.549   -0.559    4.602    4.602    6.197    9.587    9.587   13.158
            0.062020  0.062020  0.062020
   -5.561   -0.533    4.607    4.607    6.202    9.588    9.588   13.146
            0.061699  0.061699  0.061699
   -5.573   -0.507    4.611    4.611    6.206    9.588    9.588   13.133
            0.061377  0.061377  0.061377
   -5.585   -0.481    4.616    4.616    6.211    9.588    9.588   13.119
            0.061056  0.061056  0.061056
   -5.597   -0.455    4.620    4.620    6.216    9.588    9.588   13.104
            0.060735  0.060735  0.060735
   -5.610   -0.429    4.625    4.625    6.220    9.588    9.588   13.088
            0.060413  0.060413  0.060413
   -5.622   -0.403    4.630    4.630    6.225    9.588    9.588   13.070
            0.060092  0.060092  0.060092
   -5.634   -0.376    4.634    4.634    6.230    9.587    9.587   13.051
            0.059771  0.059771  0.059771
   -5.646   -0.350    4.639    4.639    6.235    9.587    9.587   13.031
            0.059449  0.059449  0.059449
   -5.658   -0.323    4.644    4.644    6.240    9.587    9.587   13.010
            0.059128  0.059128  0.059128
   -5.670   -0.296    4.649    4.649    6.245    9.586    9.586   12.988
            0.058807  0.058807  0.058807
   -5.683   -0.269    4.654    4.654    6.250    9.586    9.586   12.965
            0.058485  0.058485  0.058485
   -5.695   -0.242    4.659    4.659    6.255    9.585    9.585   12.941
            0.058164  0.058164  0.058164
   -5.707   -0.214    4.664    4.664    6.260    9.585    9.585   12.916
            0.057842  0.057842  0.057842
   -5.719   -0.187    4.669    4.669    6.265    9.584    9.584   12.891
            0.057521  0.057521  0.057521
   -5.731   -0.159    4.674    4.674    6.270    9.583    9.583   12.865
            0.057200  0.057200  0.057200
   -5.743   -0.131    4.680    4.680    6.275    9.583    9.583   12.838
            0.056878  0.056878  0.056878
   -5.755   -0.104    4.685    4.685    6.281    9.582    9.582   12.810
            0.056557  0.056557  0.056557
   -5.767   -0.075    4.690    4.690    6.286    9.581    9.581   12.782
            0.056236  0.056236  0.056236
   -5.779   -0.047    4.696    4.696    6.291    9.579    9.579   12.753
            0.055914  0.055914  0.055914
   -5.791   -0.019    4.701    4.701    6.297    9.578    9.578   12.724
            0.055593  0.055593  0.055593
   -5.803    0.009    4.707    4.707    6.302    9.577    9.577   12.695
            0.055272  0.055272  0.055272
   -5.815    0.038    4.712    4.712    6.308    9.576    9.576   12.665
            0.054950  0.054950  0.054950
   -5.827    0.067    4.718    4.718    6.313    9.574    9.574   12.635
            0.054629  0.054629  0.054629
   -5.838    0.095    4.723    4.723    6.319    9.573    9.573   12.604
            0.054308  0.054308  0.054308
   -5.850    0.124    4.729    4.729    6.324    9.571    9.571   12.573
            0.053986  0.053986  0.053986
   -5.862    0.153    4.735    4.735    6.330    9.569    9.569   12.542
            0.053665  0.053665  0.053665
   -5.874    0.183    4.740    4.740    6.336    9.567    9.567   12.511
            0.053344  0.053344  0.053344
   -5.885    0.212    4.746    4.746    6.342    9.565    9.565   12.479
            0.053022  0.053022  0.053022
   -5.897    0.241    4.752    4.752    6.347    9.563    9.563   12.447
            0.052701  0.052701  0.052701
   -5.909    0.271    4.758    4.758    6.353    9.561    9.561   12.415
            0.052380  0.052380  0.052380
   -5.920    0.300    4.764    4.764    6.359    9.559    9.559   12.383
            0.052058  0.052058  0.052058
   -5.932    0.330    4.770    4.770    6.365    9.556    9.556   12.351
            0.051737  0.051737  0.051737
   -5.943    0.360    4.776    4.776    6.371    9.554    9.554   12.318
            0.051416  0.051416  0.051416
   -5.955    0.390    4.782    4.782    6.377    9.551    9.551   12.286
            0.051094  0.051094  0.051094
   -5.966    0.420    4.788    4.788    6.383    9.548    9.548   12.253
            0.050773  0.050773  0.050773
   -5.977    0.450    4.794    4.794    6.389    9.545    9.545   12.221
            0.050451  0.050451  0.050451
   -5.989    0.480    4.801    4.801    6.395    9.542    9.542   12.188
            0.050130  0.050130  0.050130
   -6.000    0.511    4.807    4.807    6.401    9.539    9.539   12.155
            0.049809  0.049809  0.049809
   -6.011    0.541    4.813    4.813    6.407    9.536    9.536   12.122
            0.049487  0.049487  0.049487
   -6.022    0.572    4.820    4.820    6.414    9.532    9.532   12.089
            0.049166  0.049166  0.049166
   -6.033    0.603    4.826    4.826    6.420    9.529    9.529   12.056
            0.048845  0.048845  0.048845
   -6.044    0.633    4.833    4.833    6.426    9.525    9.525   12.023
            0.048523  0.048523  0.048523
   -6.055    0.664    4.839    4.839    6.432    9.522    9.522   11.989
            0.048202  0.048202  0.048202
   -6.066    0.695    4.846    4.846    6.439    9.518    9.518   11.956
            0.047881  0.047881  0.047881
   -6.077    0.726    4.852    4.852    6.445    9.514    9.514   11.923
            0.047559  0.047559  0.047559
   -6.088    0.758    4.859    4.859    6.452    9.509    9.509   11.890
            0.047238  0.047238  0.047238
   -6.099    0.789    4.865    4.865    6.458    9.505    9.505   11.856
            0.046917  0.046917  0.046917
   -6.110    0.820    4.872    4.872    6.464    9.501    9.501   11.823
            0.046595  0.046595  0.046595
   -6.120    0.852    4.879    4.879    6.471    9.496    9.496   11.790
            0.046274  0.046274  0.046274
   -6.131    0.883    4.886    4.886    6.477    9.492    9.492   11.756
            0.045953  0.045953  0.045953
   -6.142    0.915    4.893    4.893    6.484    9.487    9.487   11.723
            0.045631  0.045631  0.045631
   -6.152    0.947    4.899    4.899    6.491    9.482    9.482   11.690
            0.045310  0.045310  0.045310
   -6.163    0.979    4.906    4.906    6.497    9.477    9.477   11.656
            0.044989  0.044989  0.044989
   -6.173    1.011    4.913    4.913    6.504    9.472    9.472   11.623
            0.044667  0.044667  0.044667
   -6.184    1.043    4.920    4.920    6.510    9.466    9.466   11.589
            0.044346  0.044346  0.044346
   -6.194    1.075    4.927    4.927    6.517    9.461    9.461   11.556
            0.044025  0.044025  0.044025
   -6.204    1.107    4.934    4.934    6.524    9.455    9.455   11.522
            0.043703  0.043703  0.043703
   -6.214    1.139    4.941    4.941    6.530    9.449    9.449   11.489
            0.043382  0.043382  0.043382
   -6.224    1.172    4.949    4.949    6.537    9.443    9.443   11.456
            0.043061  0.043061  0.043061
   -6.234    1.204    4.956    4.956    6.544    9.437    9.437   11.422
            0.042739  0.042739  0.042739
   -6.244    1.237    4.963    4.963    6.551    9.431    9.431   11.389
            0.042418  0.042418  0.042418
   -6.254    1.269    4.970    4.970    6.557    9.425    9.425   11.356
            0.042096  0.042096  0.042096
   -6.264    1.302    4.978    4.978    6.564    9.418    9.418   11.322
            0.041775  0.041775  0.041775
   -6.274    1.335    4.985    4.985    6.571    9.412    9.412   11.289
            0.041454  0.041454  0.041454
   -6.284    1.368    4.992    4.992    6.578    9.405    9.405   11.256
            0.041132  0.041132  0.041132
   -6.294    1.401    5.000    5.000    6.584    9.398    9.398   11.222
            0.040811  0.040811  0.040811
   -6.303    1.434    5.007    5.007    6.591    9.391    9.391   11.189
            0.040490  0.040490  0.040490
   -6.313    1.467    5.014    5.014    6.598    9.384    9.384   11.156
            0.040168  0.040168  0.040168
   -6.322    1.500    5.022    5.022    6.605    9.377    9.377   11.122
            0.039847  0.039847  0.039847
   -6.332    1.533    5.029    5.029    6.612    9.370    9.370   11.089
            0.039526  0.039526  0.039526
   -6.341    1.567    5.037    5.037    6.619    9.362    9.362   11.056
            0.039204  0.039204  0.039204
   -6.351    1.600    5.045    5.045    6.625    9.355    9.355   11.023
            0.038883  0.038883  0.038883
   -6.360    1.634    5.052    5.052    6.632    9.347    9.347   10.990
            0.038562  0.038562  0.038562
   -6.369    1.667    5.060    5.060    6.639    9.339    9.339   10.957
            0.038240  0.038240  0.038240
   -6.378    1.701    5.068    5.068    6.646    9.331    9.331   10.924
            0.037919  0.037919  0.037919
   -6.387    1.734    5.075    5.075    6.653    9.323    9.323   10.891
            0.037598  0.037598  0.037598
   -6.396    1.768    5.083    5.083    6.659    9.315    9.315   10.858
            0.037276  0.037276  0.037276
   -6.405    1.802    5.091    5.091    6.666    9.307    9.307   10.825
            0.036955  0.036955  0.036955
   -6.414    1.836    5.098    5.098    6.673    9.298    9.298   10.792
            0.036634  0.036634  0.036634
   -6.423    1.870    5.106    5.106    6.680    9.290    9.290   10.759
            0.036312  0.036312  0.036312
   -6.431    1.904    5.114    5.114    6.686    9.281    9.281   10.726
            0.035991  0.035991  0.035991
   -6.440    1.938    5.122    5.122    6.693    9.272    9.272   10.693
            0.035670  0.035670  0.035670
   -6.449    1.972    5.130    5.130    6.700    9.263    9.263   10.660
            0.035348  0.035348  0.035348
   -6.457    2.007    5.138    5.138    6.706    9.255    9.255   10.627
            0.035027  0.035027  0.035027
   -6.466    2.041    5.146    5.146    6.713    9.245    9.245   10.595
            0.034705  0.034705  0.034705
   -6.474    2.075    5.154    5.154    6.719    9.236    9.236   10.562
            0.034384  0.034384  0.034384
   -6.482    2.110    5.162    5.162    6.726    9.227    9.227   10.530
            0.034063  0.034063  0.034063
   -6.491    2.144    5.169    5.169    6.732    9.218    9.218   10.497
            0.033741  0.033741  0.033741
   -6.499    2.179    5.177    5.177    6.739    9.208    9.208   10.464
            0.033420  0.033420  0.033420
   -6.507    2.213    5.186    5.186    6.745    9.199    9.199   10.432
            0.033099  0.033099  0.033099
   -6.515    2.248    5.194    5.194    6.752    9.189    9.189   10.400
            0.032777  0.032777  0.032777
   -6.523    2.283    5.202    5.202    6.758    9.179    9.179   10.367
            0.032456  0.032456  0.032456
   -6.531    2.317    5.210    5.210    6.764    9.170    9.170   10.335
            0.032135  0.032135  0.032135
   -6.539    2.352    5.218    5.218    6.770    9.160    9.160   10.303
            0.031813  0.031813  0.031813
   -6.546    2.387    5.226    5.226    6.777    9.150    9.150   10.271
            0.031492  0.031492  0.031492
   -6.554    2.422    5.234    5.234    6.783    9.140    9.140   10.239
            0.031171  0.031171  0.031171
   -6.562    2.457    5.242    5.242    6.789    9.130    9.130   10.207
            0.030849  0.030849  0.030849
   -6.569    2.492    5.250    5.250    6.795    9.120    9.120   10.175
            0.030528  0.030528  0.030528
   -6.577    2.527    5.258    5.258    6.800    9.109    9.109   10.143
            0.030207  0.030207  0.030207
   -6.584    2.562    5.266    5.266    6.806    9.099    9.099   10.111
            0.029885  0.029885  0.029885
   -6.591    2.598    5.274    5.274    6.812    9.089    9.089   10.079
            0.029564  0.029564  0.029564
   -6.598    2.633    5.283    5.283    6.818    9.079    9.079   10.048
            0.029243  0.029243  0.029243
   -6.606    2.668    5.291    5.291    6.823    9.068    9.068   10.016
            0.028921  0.028921  0.028921
   -6.613    2.703    5.299    5.299    6.828    9.058    9.058    9.985
            0.028600  0.028600  0.028600
   -6.620    2.739    5.307    5.307    6.834    9.047    9.047    9.953
            0.028279  0.028279  0.028279
   -6.627    2.774    5.315    5.315    6.839    9.037    9.037    9.922
            0.027957  0.027957  0.027957
   -6.633    2.810    5.323    5.323    6.844    9.026    9.026    9.891
            0.027636  0.027636  0.027636
   -6.640    2.845    5.331    5.331    6.849    9.015    9.015    9.860
            0.027315  0.027315  0.027315
   -6.647    2.881    5.339    5.339    6.854    9.005    9.005    9.829
            0.026993  0.026993  0.026993
   -6.654    2.916    5.348    5.348    6.858    8.994    8.994    9.798
            0.026672  0.026672  0.026672
   -6.660    2.952    5.356    5.356    6.863    8.983    8.983    9.767
            0.026350  0.026350  0.026350
   -6.667    2.987    5.364    5.364    6.867    8.973    8.973    9.737
            0.026029  0.026029  0.026029
   -6.673    3.023    5.372    5.372    6.871    8.962    8.962    9.707
            0.025708  0.025708  0.025708
   -6.679    3.059    5.380    5.380    6.875    8.951    8.951    9.676
            0.025386  0.025386  0.025386
   -6.686    3.095    5.388    5.388    6.879    8.941    8.941    9.646
            0.025065  0.025065  0.025065
   -6.692    3.130    5.396    5.396    6.883    8.930    8.930    9.616
            0.024744  0.024744  0.024744
   -6.698    3.166    5.404    5.404    6.886    8.919    8.919    9.586
            0.024422  0.024422  0.024422
   -6.704    3.202    5.412    5.412    6.890    8.908    8.908    9.557
            0.024101  0.024101  0.024101
   -6.710    3.238    5.420    5.420    6.893    8.897    8.897    9.527
            0.023780  0.023780  0.023780
   -6.716    3.274    5.428    5.428    6.896    8.887    8.887    9.498
            0.023458  0.023458  0.023458
   -6.722    3.310    5.436    5.436    6.898    8.876    8.876    9.469
            0.023137  0.023137  0.023137
   -6.727    3.346    5.444    5.444    6.901    8.865    8.865    9.440
            0.022816  0.022816  0.022816
   -6.733    3.382    5.452    5.452    6.903    8.855    8.855    9.411
            0.022494  0.022494  0.022494
   -6.739    3.418    5.460    5.460    6.905    8.844    8.844    9.383
            0.022173  0.022173  0.022173
   -6.744    3.454    5.468    5.468    6.906    8.833    8.833    9.354
            0.021852  0.021852  0.021852
   -6.750    3.490    5.475    5.475    6.908    8.823    8.823    9.326
            0.021530  0.021530  0.021530
   -6.755    3.526    5.483    5.483    6.909    8.812    8.812    9.298
            0.021209  0.021209  0.021209
   -6.760    3.562    5.491    5.491    6.909    8.802    8.802    9.271
            0.020888  0.020888  0.020888
   -6.765    3.598    5.499    5.499    6.910    8.791    8.791    9.244
            0.020566  0.020566  0.020566
   -6.771    3.634    5.506    5.506    6.910    8.781    8.781    9.217
            0.020245  0.020245  0.020245
   -6.776    3.670    5.514    5.514    6.910    8.770    8.770    9.190
            0.019924  0.019924  0.019924
   -6.781    3.706    5.521    5.521    6.909    8.760    8.760    9.163
            0.019602  0.019602  0.019602
   -6.785    3.743    5.529    5.529    6.908    8.750    8.750    9.137
            0.019281  0.019281  0.019281
   -6.790    3.779    5.536    5.536    6.907    8.739    8.739    9.111
            0.018959  0.018959  0.018959
   -6.795    3.815    5.544    5.544    6.905    8.729    8.729    9.086
            0.018638  0.018638  0.018638
   -6.800    3.851    5.551    5.551    6.903    8.719    8.719    9.061
            0.018317  0.018317  0.018317
   -6.804    3.887    5.559    5.559    6.901    8.709    8.709    9.036
            0.017995  0.017995  0.017995
   -6.809    3.923    5.566    5.566    6.898    8.699    8.699    9.011
            0.017674  0.017674  0.017674
   -6.813    3.959    5.573    5.573    6.894    8.689    8.689    8.987
            0.017353  0.017353  0.017353
   -6.817    3.996    5.580    5.580    6.890    8.680    8.680    8.964
            0.017031  0.017031  0.017031
   -6.822    4.032    5.587    5.587    6.886    8.670    8.670    8.940
            0.016710  0.016710  0.016710
   -6.826    4.068    5.594    5.594    6.881    8.660    8.660    8.917
            0.016389  0.016389  0.016389
   -6.830    4.104    5.601    5.601    6.876    8.651    8.651    8.895
            0.016067  0.016067  0.016067
   -6.834    4.140    5.608    5.608    6.870    8.641    8.641    8.873
            0.015746  0.015746  0.015746
   -6.838    4.176    5.615    5.615    6.864    8.632    8.632    8.851
            0.015425  0.015425  0.015425
   -6.842    4.212    5.621    5.621    6.857    8.623    8.623    8.830
            0.015103  0.015103  0.015103
   -6.846    4.248    5.628    5.628    6.850    8.614    8.614    8.809
            0.014782  0.014782  0.014782
   -6.849    4.284    5.635    5.635    6.842    8.605    8.605    8.789
            0.014461  0.014461  0.014461
   -6.853    4.320    5.641    5.641    6.833    8.596    8.596    8.769
            0.014139  0.014139  0.014139
   -6.857    4.356    5.647    5.647    6.824    8.587    8.587    8.750
            0.013818  0.013818  0.013818
   -6.860    4.392    5.654    5.654    6.814    8.579    8.579    8.732
            0.013497  0.013497  0.013497
   -6.863    4.428    5.660    5.660    6.804    8.570    8.570    8.713
            0.013175  0.013175  0.013175
   -6.867    4.464    5.666    5.666    6.793    8.562    8.562    8.696
            0.012854  0.012854  0.012854
   -6.870    4.500    5.672    5.672    6.782    8.554    8.554    8.678
            0.012533  0.012533  0.012533
   -6.873    4.536    5.678    5.678    6.769    8.546    8.546    8.662
            0.012211  0.012211  0.012211
   -6.876    4.572    5.684    5.684    6.757    8.538    8.538    8.646
            0.011890  0.011890  0.011890
   -6.879    4.607    5.689    5.689    6.743    8.530    8.530    8.630
            0.011568  0.011568  0.011568
   -6.882    4.643    5.695    5.695    6.729    8.522    8.522    8.615
            0.011247  0.011247  0.011247
   -6.885    4.679    5.700    5.700    6.715    8.515    8.515    8.600
            0.010926  0.010926  0.010926
   -6.888    4.714    5.705    5.705    6.700    8.508    8.508    8.586
            0.010604  0.010604  0.010604
   -6.890    4.750    5.711    5.711    6.684    8.501    8.501    8.573
            0.010283  0.010283  0.010283
   -6.893    4.785    5.716    5.716    6.667    8.494    8.494    8.560
            0.009962  0.009962  0.009962
   -6.896    4.821    5.721    5.721    6.650    8.487    8.487    8.548
            0.009640  0.009640  0.009640
   -6.898    4.856    5.726    5.726    6.633    8.480    8.480    8.536
            0.009319  0.009319  0.009319
   -6.900    4.891    5.730    5.730    6.614    8.474    8.474    8.524
            0.008998  0.008998  0.008998
   -6.903    4.926    5.735    5.735    6.596    8.468    8.468    8.513
            0.008676  0.008676  0.008676
   -6.905    4.961    5.739    5.739    6.576    8.462    8.462    8.503
            0.008355  0.008355  0.008355
   -6.907    4.996    5.744    5.744    6.556    8.456    8.456    8.493
            0.008034  0.008034  0.008034
   -6.909    5.031    5.748    5.748    6.536    8.450    8.450    8.484
            0.007712  0.007712  0.007712
   -6.911    5.066    5.752    5.752    6.515    8.445    8.445    8.475
            0.007391  0.007391  0.007391
   -6.913    5.101    5.756    5.756    6.493    8.439    8.439    8.466
            0.007070  0.007070  0.007070
   -6.915    5.135    5.759    5.759    6.471    8.434    8.434    8.458
            0.006748  0.006748  0.006748
   -6.916    5.170    5.763    5.763    6.448    8.429    8.429    8.451
            0.006427  0.006427  0.006427
   -6.918    5.204    5.766    5.766    6.425    8.425    8.425    8.443
            0.006106  0.006106  0.006106
   -6.920    5.239    5.770    5.770    6.401    8.420    8.420    8.437
            0.005784  0.005784  0.005784
   -6.921    5.273    5.773    5.773    6.377    8.416    8.416    8.430
            0.005463  0.005463  0.005463
   -6.923    5.307    5.776    5.776    6.353    8.412    8.412    8.424
            0.005142  0.005142  0.005142
   -6.924    5.340    5.779    5.779    6.328    8.408    8.408    8.419
            0.004820  0.004820  0.004820
   -6.925    5.374    5.781    5.781    6.302    8.405    8.405    8.414
            0.004499  0.004499  0.004499
   -6.926    5.408    5.784    5.784    6.277    8.401    8.401    8.409
            0.004178  0.004178  0.004178
   -6.927    5.441    5.786    5.786    6.251    8.398    8.398    8.405
            0.003856  0.003856  0.003856
   -6.928    5.474    5.788    5.788    6.224    8.395    8.395    8.401
            0.003535  0.003535  0.003535
   -6.929    5.507    5.790    5.790    6.197    8.393    8.393    8.397
            0.003213  0.003213  0.003213
   -6.930    5.539    5.792    5.792    6.170    8.390    8.390    8.394
            0.002892  0.002892  0.002892
   -6.931    5.572    5.794    5.794    6.143    8.388    8.388    8.391
            0.002571  0.002571  0.002571
   -6.932    5.603    5.795    5.795    6.115    8.386    8.386    8.388
            0.002249  0.002249  0.002249
   -6.932    5.635    5.796    5.796    6.088    8.384    8.384    8.386
            0.001928  0.001928  0.001928
   -6.933    5.666    5.798    5.798    6.060    8.383    8.383    8.384
            0.001607  0.001607  0.001607
   -6.933    5.696    5.799    5.799    6.033    8.381    8.381    8.382
            0.001285  0.001285  0.001285
   -6.934    5.725    5.799    5.799    6.006    8.380    8.380    8.381
            0.000964  0.000964  0.000964
   -6.934    5.752    5.800    5.800    5.981    8.379    8.379    8.380
            0.000643  0.000643  0.000643
   -6.934    5.776    5.800    5.800    5.958    8.379    8.379    8.379
            0.000321  0.000321  0.000321
   -6.934    5.794    5.801    5.801    5.941    8.378    8.378    8.378
            0.000000  0.000000  0.000000
   -6.934    5.801    5.801    5.801    5.934    8.378    8.378    8.378
            0.000789  0.000000  0.000000
   -6.934    5.788    5.800    5.800    5.947    8.378    8.379    8.379
            0.001578  0.000000  0.000000
   -6.934    5.758    5.799    5.799    5.977    8.377    8.380    8.380
            0.002367  0.000000  0.000000
   -6.933    5.721    5.797    5.797    6.014    8.376    8.383    8.383
            0.003156  0.000000  0.000000
   -6.933    5.681    5.794    5.794    6.054    8.374    8.387    8.387
            0.003945  0.000000  0.000000
   -6.932    5.640    5.790    5.790    6.095    8.371    8.392    8.392
            0.004734  0.000000  0.000000
   -6.931    5.597    5.786    5.786    6.137    8.368    8.397    8.397
            0.005523  0.000000  0.000000
   -6.930    5.555    5.780    5.780    6.179    8.365    8.404    8.404
            0.006312  0.000000  0.000000
   -6.929    5.512    5.774    5.774    6.222    8.360    8.412    8.412
            0.007101  0.000000  0.000000
   -6.928    5.469    5.767    5.767    6.264    8.356    8.421    8.421
            0.007890  0.000000  0.000000
   -6.926    5.426    5.759    5.759    6.307    8.351    8.431    8.431
            0.008679  0.000000  0.000000
   -6.924    5.383    5.751    5.751    6.349    8.345    8.441    8.441
            0.009468  0.000000  0.000000
   -6.923    5.340    5.742    5.742    6.392    8.339    8.453    8.453
            0.010257  0.000000  0.000000
   -6.921    5.296    5.732    5.732    6.435    8.332    8.466    8.466
            0.011046  0.000000  0.000000
   -6.918    5.253    5.721    5.721    6.478    8.325    8.479    8.479
            0.011835  0.000000  0.000000
   -6.916    5.209    5.710    5.710    6.520    8.317    8.493    8.493
            0.012624  0.000000  0.000000
   -6.913    5.166    5.698    5.698    6.563    8.309    8.509    8.509
            0.013413  0.000000  0.000000
   -6.911    5.122    5.686    5.686    6.606    8.300    8.525    8.525
            0.014202  0.000000  0.000000
   -6.908    5.079    5.673    5.673    6.648    8.291    8.542    8.542
            0.014991  0.000000  0.000000
   -6.905    5.035    5.659    5.659    6.691    8.281    8.559    8.559
            0.015780  0.000000  0.000000
   -6.902    4.992    5.645    5.645    6.733    8.271    8.578    8.578
            0.016569  0.000000  0.000000
   -6.899    4.948    5.630    5.630    6.775    8.261    8.597    8.597
            0.017358  0.000000  0.000000
   -6.895    4.905    5.615    5.615    6.818    8.250    8.617    8.617
            0.018148  0.000000  0.000000
   -6.891    4.861    5.599    5.599    6.860    8.239    8.638    8.638
            0.018937  0.000000  0.000000
   -6.888    4.818    5.583    5.583    6.902    8.227    8.659    8.659
            0.019726  0.000000  0.000000
   -6.884    4.774    5.567    5.567    6.944    8.215    8.681    8.681
            0.020515  0.000000  0.000000
   -6.880    4.731    5.550    5.550    6.985    8.203    8.703    8.703
            0.021304  0.000000  0.000000
   -6.875    4.687    5.532    5.532    7.027    8.190    8.726    8.726
            0.022093  0.000000  0.000000
   -6.871    4.644    5.514    5.514    7.069    8.177    8.750    8.750
            0.022882  0.000000  0.000000
   -6.866    4.600    5.496    5.496    7.110    8.164    8.775    8.775
            0.023671  0.000000  0.000000
   -6.862    4.557    5.478    5.478    7.151    8.150    8.799    8.799
            0.024460  0.000000  0.000000
   -6.857    4.513    5.459    5.459    7.192    8.136    8.825    8.825
            0.025249  0.000000  0.000000
   -6.852    4.470    5.440    5.440    7.233    8.122    8.851    8.851
            0.026038  0.000000  0.000000
   -6.846    4.427    5.421    5.421    7.274    8.108    8.877    8.877
            0.026827  0.000000  0.000000
   -6.841    4.383    5.401    5.401    7.315    8.093    8.904    8.904
            0.027616  0.000000  0.000000
   -6.835    4.340    5.381    5.381    7.355    8.078    8.931    8.931
            0.028405  0.000000  0.000000
   -6.830    4.297    5.361    5.361    7.395    8.063    8.959    8.959
            0.029194  0.000000  0.000000
   -6.824    4.253    5.341    5.341    7.435    8.047    8.987    8.987
            0.029983  0.000000  0.000000
   -6.818    4.210    5.320    5.320    7.475    8.032    9.016    9.016
            0.030772  0.000000  0.000000
   -6.812    4.167    5.300    5.300    7.514    8.016    9.045    9.045
            0.031561  0.000000  0.000000
   -6.805    4.123    5.279    5.279    7.554    8.000    9.074    9.074
            0.032350  0.000000  0.000000
   -6.799    4.080    5.258    5.258    7.593    7.984    9.104    9.104
            0.033139  0.000000  0.000000
   -6.792    4.037    5.236    5.236    7.631    7.967    9.134    9.134
            0.033928  0.000000  0.000000
   -6.785    3.994    5.215    5.215    7.670    7.951    9.165    9.165
            0.034717  0.000000  0.000000
   -6.778    3.951    5.194    5.194    7.708    7.934    9.195    9.195
            0.035506  0.000000  0.000000
   -6.771    3.908    5.172    5.172    7.746    7.917    9.227    9.227
            0.036295  0.000000  0.000000
   -6.764    3.864    5.151    5.151    7.783    7.901    9.258    9.258
            0.037084  0.000000  0.000000
   -6.756    3.821    5.129    5.129    7.820    7.884    9.290    9.290
            0.037873  0.000000  0.000000
   -6.749    3.778    5.107    5.107    7.857    7.866    9.322    9.322
            0.038662  0.000000  0.000000
   -6.741    3.735    5.085    5.085    7.849    7.893    9.354    9.354
            0.039451  0.000000  0.000000
   -6.733    3.692    5.063    5.063    7.832    7.930    9.387    9.387
            0.040240  0.000000  0.000000
   -6.725    3.649    5.041    5.041    7.814    7.965    9.420    9.420
            0.041029  0.000000  0.000000
   -6.716    3.606    5.019    5.019    7.797    8.000    9.453    9.453
            0.041818  0.000000  0.000000
   -6.708    3.563    4.997    4.997    7.779    8.035    9.486    9.486
            0.042607  0.000000  0.000000
   -6.699    3.521    4.975    4.975    7.762    8.069    9.520    9.520
            0.043396  0.000000  0.000000
   -6.691    3.478    4.952    4.952    7.744    8.103    9.553    9.553
            0.044185  0.000000  0.000000
   -6.682    3.435    4.930    4.930    7.726    8.136    9.587    9.587
            0.044974  0.000000  0.000000
   -6.673    3.392    4.908    4.908    7.709    8.169    9.622    9.622
            0.045763  0.000000  0.000000
   -6.663    3.349    4.886    4.886    7.691    8.201    9.656    9.656
            0.046552  0.000000  0.000000
   -6.654    3.307    4.864    4.864    7.673    8.233    9.691    9.691
            0.047341  0.000000  0.000000
   -6.644    3.264    4.841    4.841    7.655    8.264    9.726    9.726
            0.048130  0.000000  0.000000
   -6.635    3.221    4.819    4.819    7.637    8.294    9.761    9.761
            0.048919  0.000000  0.000000
   -6.625    3.179    4.797    4.797    7.620    8.324    9.796    9.796
            0.049708  0.000000  0.000000
   -6.615    3.136    4.775    4.775    7.602    8.353    9.832    9.832
            0.050497  0.000000  0.000000
   -6.605    3.094    4.753    4.753    7.584    8.382    9.867    9.867
            0.051286  0.000000  0.000000
   -6.594    3.051    4.730    4.730    7.566    8.409    9.903    9.903
            0.052075  0.000000  0.000000
   -6.584    3.009    4.708    4.708    7.548    8.436    9.939    9.939
            0.052864  0.000000  0.000000
   -6.573    2.966    4.686    4.686    7.531    8.462    9.975    9.975
            0.053653  0.000000  0.000000
   -6.562    2.924    4.664    4.664    7.513    8.487   10.011   10.011
            0.054443  0.000000  0.000000
   -6.551    2.881    4.642    4.642    7.495    8.512   10.048   10.048
            0.055232  0.000000  0.000000
   -6.540    2.839    4.620    4.620    7.478    8.535   10.084   10.084
            0.056021  0.000000  0.000000
   -6.529    2.797    4.598    4.598    7.460    8.558   10.121   10.121
            0.056810  0.000000  0.000000
   -6.517    2.754    4.577    4.577    7.442    8.580   10.158   10.158
            0.057599  0.000000  0.000000
   -6.506    2.712    4.555    4.555    7.425    8.601   10.195   10.195
            0.058388  0.000000  0.000000
   -6.494    2.670    4.533    4.533    7.407    8.621   10.232   10.232
            0.059177  0.000000  0.000000
   -6.482    2.628    4.511    4.511    7.390    8.640   10.269   10.269
            0.059966  0.000000  0.000000
   -6.470    2.585    4.490    4.490    7.373    8.657   10.306   10.306
            0.060755  0.000000  0.000000
   -6.458    2.543    4.468    4.468    7.356    8.674   10.344   10.344
            0.061544  0.000000  0.000000
   -6.445    2.501    4.447    4.447    7.338    8.690   10.381   10.381
            0.062333  0.000000  0.000000
   -6.433    2.459    4.426    4.426    7.321    8.705   10.419   10.419
            0.063122  0.000000  0.000000
   -6.420    2.417    4.404    4.404    7.304    8.718   10.457   10.457
            0.063911  0.000000  0.000000
   -6.407    2.375    4.383    4.383    7.287    8.731   10.495   10.495
            0.064700  0.000000  0.000000
   -6.394    2.333    4.362    4.362    7.270    8.742   10.533   10.533
            0.065489  0.000000  0.000000
   -6.381    2.291    4.341    4.341    7.254    8.752   10.571   10.571
            0.066278  0.000000  0.000000
   -6.368    2.249    4.320    4.320    7.237    8.761   10.609   10.609
            0.067067  0.000000  0.000000
   -6.354    2.208    4.299    4.299    7.220    8.769   10.648   10.648
            0.067856  0.000000  0.000000
   -6.341    2.166    4.279    4.279    7.204    8.776   10.686   10.686
            0.068645  0.000000  0.000000
   -6.327    2.124    4.258    4.258    7.187    8.782   10.724   10.724
            0.069434  0.000000  0.000000
   -6.313    2.082    4.238    4.238    7.171    8.786   10.763   10.763
            0.070223  0.000000  0.000000
   -6.299    2.041    4.217    4.217    7.155    8.790   10.802   10.802
            0.071012  0.000000  0.000000
   -6.285    1.999    4.197    4.197    7.139    8.792   10.840   10.840
            0.071801  0.000000  0.000000
   -6.270    1.957    4.177    4.177    7.123    8.793   10.879   10.879
            0.072590  0.000000  0.000000
   -6.256    1.916    4.157    4.157    7.107    8.793   10.918   10.918
            0.073379  0.000000  0.000000
   -6.241    1.874    4.137    4.137    7.091    8.792   10.957   10.957
            0.074168  0.000000  0.000000
   -6.226    1.833    4.117    4.117    7.076    8.790   10.996   10.996
            0.074957  0.000000  0.000000
   -6.211    1.791    4.097    4.097    7.060    8.786   11.035   11.035
            0.075746  0.000000  0.000000
   -6.196    1.750    4.077    4.077    7.045    8.782   11.074   11.074
            0.076535  0.000000  0.000000
   -6.180    1.709    4.058    4.058    7.030    8.777   11.114   11.114
            0.077324  0.000000  0.000000
   -6.165    1.667    4.038    4.038    7.015    8.770   11.153   11.153
            0.078113  0.000000  0.000000
   -6.149    1.626    4.019    4.019    7.000    8.763   11.192   11.192
            0.078902  0.000000  0.000000
   -6.134    1.585    4.000    4.000    6.985    8.755   11.232   11.232
            0.079691  0.000000  0.000000
   -6.118    1.544    3.981    3.981    6.970    8.745   11.271   11.271
            0.080480  0.000000  0.000000
   -6.101    1.502    3.962    3.962    6.956    8.735   11.311   11.311
            0.081269  0.000000  0.000000
   -6.085    1.461    3.943    3.943    6.941    8.724   11.350   11.350
            0.082058  0.000000  0.000000
   -6.069    1.420    3.924    3.924    6.927    8.713   11.390   11.390
            0.082847  0.000000  0.000000
   -6.052    1.379    3.905    3.905    6.913    8.700   11.430   11.430
            0.083636  0.000000  0.000000
   -6.036    1.338    3.887    3.887    6.899    8.687   11.470   11.470
            0.084425  0.000000  0.000000
   -6.019    1.297    3.869    3.869    6.885    8.673   11.509   11.509
            0.085214  0.000000  0.000000
   -6.002    1.256    3.850    3.850    6.871    8.658   11.549   11.549
            0.086003  0.000000  0.000000
   -5.984    1.216    3.832    3.832    6.857    8.643   11.589   11.589
            0.086792  0.000000  0.000000
   -5.967    1.175    3.814    3.814    6.844    8.627   11.629   11.629
            0.087581  0.000000  0.000000
   -5.950    1.134    3.797    3.797    6.831    8.610   11.669   11.669
            0.088370  0.000000  0.000000
   -5.932    1.093    3.779    3.779    6.818    8.593   11.709   11.709
            0.089159  0.000000  0.000000
   -5.914    1.053    3.761    3.761    6.805    8.576   11.749   11.749
            0.089948  0.000000  0.000000
   -5.896    1.012    3.744    3.744    6.792    8.558   11.789   11.789
            0.090738  0.000000  0.000000
   -5.878    0.971    3.727    3.727    6.779    8.539   11.829   11.829
            0.091527  0.000000  0.000000
   -5.860    0.931    3.709    3.709    6.767    8.520   11.869   11.869
            0.092316  0.000000  0.000000
   -5.842    0.890    3.692    3.692    6.754    8.500   11.910   11.910
            0.093105  0.000000  0.000000
   -5.823    0.850    3.675    3.675    6.742    8.480   11.950   11.950
            0.093894  0.000000  0.000000
   -5.805    0.809    3.659    3.659    6.730    8.460   11.990   11.990
            0.094683  0.000000  0.000000
   -5.786    0.769    3.642    3.642    6.718    8.440   12.030   12.030
            0.095472  0.000000  0.000000
   -5.767    0.729    3.626    3.626    6.707    8.419   12.071   12.071
            0.096261  0.000000  0.000000
   -5.748    0.688    3.609    3.609    6.695    8.397   12.111   12.111
            0.097050  0.000000  0.000000
   -5.728    0.648    3.593    3.593    6.684    8.376   12.151   12.151
            0.097839  0.000000  0.000000
   -5.709    0.608    3.577    3.577    6.673    8.354   12.192   12.192
            0.098628  0.000000  0.000000
   -5.689    0.568    3.561    3.561    6.662    8.332   12.232   12.232
            0.099417  0.000000  0.000000
   -5.670    0.528    3.545    3.545    6.651    8.310   12.272   12.272
            0.100206  0.000000  0.000000
   -5.650    0.488    3.530    3.530    6.640    8.288   12.313   12.313
            0.100995  0.000000  0.000000
   -5.630    0.448    3.514    3.514    6.629    8.265   12.353   12.353
            0.101784  0.000000  0.000000
   -5.610    0.408    3.499    3.499    6.619    8.242   12.394   12.394
            0.102573  0.000000  0.000000
   -5.589    0.368    3.484    3.484    6.609    8.219   12.434   12.434
            0.103362  0.000000  0.000000
   -5.569    0.328    3.469    3.469    6.599    8.196   12.474   12.474
            0.104151  0.000000  0.000000
   -5.548    0.288    3.454    3.454    6.589    8.173   12.515   12.515
            0.104940  0.000000  0.000000
   -5.528    0.249    3.439    3.439    6.579    8.150   12.555   12.555
            0.105729  0.000000  0.000000
   -5.507    0.209    3.425    3.425    6.570    8.127   12.596   12.596
            0.106518  0.000000  0.000000
   -5.486    0.169    3.410    3.410    6.561    8.104   12.636   12.636
            0.107307  0.000000  0.000000
   -5.465    0.130    3.396    3.396    6.552    8.080   12.677   12.677
            0.108096  0.000000  0.000000
   -5.443    0.090    3.382    3.382    6.543    8.057   12.717   12.717
            0.108885  0.000000  0.000000
   -5.422    0.051    3.368    3.368    6.534    8.034   12.758   12.758
            0.109674  0.000000  0.000000
   -5.400    0.011    3.354    3.354    6.525    8.010   12.798   12.798
            0.110463  0.000000  0.000000
   -5.378   -0.028    3.340    3.340    6.517    7.987   12.838   12.838
            0.111252  0.000000  0.000000
   -5.357   -0.067    3.327    3.327    6.509    7.963   12.879   12.879
            0.112041  0.000000  0.000000
   -5.334   -0.106    3.313    3.313    6.501    7.940   12.919   12.919
            0.112830  0.000000  0.000000
   -5.312   -0.146    3.300    3.300    6.493    7.916   12.960   12.960
            0.113619  0.000000  0.000000
   -5.290   -0.185    3.287    3.287    6.485    7.893   13.000   13.000
            0.114408  0.000000  0.000000
   -5.268   -0.224    3.274    3.274    6.478    7.870   13.040   13.040
            0.115197  0.000000  0.000000
   -5.245   -0.263    3.261    3.261    6.471    7.847   13.080   13.080
            0.115986  0.000000  0.000000
   -5.222   -0.302    3.249    3.249    6.463    7.823   13.121   13.121
            0.116775  0.000000  0.000000
   -5.199   -0.341    3.236    3.236    6.457    7.800   13.161   13.161
            0.117564  0.000000  0.000000
   -5.176   -0.379    3.224    3.224    6.450    7.777   13.201   13.201
            0.118353  0.000000  0.000000
   -5.153   -0.418    3.212    3.212    6.443    7.754   13.241   13.241
            0.119142  0.000000  0.000000
   -5.130   -0.457    3.200    3.200    6.437    7.731   13.282   13.282
            0.119931  0.000000  0.000000
   -5.106   -0.496    3.188    3.188    6.431    7.709   13.322   13.322
            0.120720  0.000000  0.000000
   -5.083   -0.534    3.176    3.176    6.425    7.686   13.362   13.362
            0.121509  0.000000  0.000000
   -5.059   -0.573    3.165    3.165    6.419    7.663   13.402   13.402
            0.122298  0.000000  0.000000
   -5.035   -0.611    3.153    3.153    6.414    7.641   13.442   13.442
            0.123087  0.000000  0.000000
   -5.011   -0.649    3.142    3.142    6.408    7.619   13.481   13.481
            0.123876  0.000000  0.000000
   -4.987   -0.688    3.131    3.131    6.403    7.596   13.521   13.521
            0.124665  0.000000  0.000000
   -4.963   -0.726    3.120    3.120    6.398    7.574   13.561   13.561
            0.125454  0.000000  0.000000
   -4.938   -0.764    3.109    3.109    6.393    7.552   13.601   13.601
            0.126243  0.000000  0.000000
   -4.914   -0.802    3.099    3.099    6.389    7.530   13.640   13.640
            0.127033  0.000000  0.000000
   -4.889   -0.840    3.088    3.088    6.384    7.509   13.680   13.680
            0.127822  0.000000  0.000000
   -4.864   -0.878    3.078    3.078    6.380    7.487   13.719   13.719
            0.128611  0.000000  0.000000
   -4.839   -0.916    3.068    3.068    6.376    7.466   13.759   13.759
            0.129400  0.000000  0.000000
   -4.814   -0.954    3.058    3.058    6.372    7.445   13.798   13.798
            0.130189  0.000000  0.000000
   -4.789   -0.992    3.048    3.048    6.369    7.424   13.837   13.837
            0.130978  0.000000  0.000000
   -4.763   -1.030    3.038    3.038    6.365    7.403   13.876   13.876
            0.131767  0.000000  0.000000
   -4.738   -1.067    3.029    3.029    6.362    7.382   13.915   13.915
            0.132556  0.000000  0.000000
   -4.712   -1.105    3.020    3.020    6.359    7.361   13.954   13.954
            0.133345  0.000000  0.000000
   -4.687   -1.142    3.010    3.010    6.356    7.341   13.992   13.992
            0.134134  0.000000  0.000000
   -4.661   -1.180    3.001    3.001    6.354    7.321   14.031   14.031
            0.134923  0.000000  0.000000
   -4.635   -1.217    2.993    2.993    6.351    7.301   14.069   14.069
            0.135712  0.000000  0.000000
   -4.608   -1.254    2.984    2.984    6.349    7.281   14.107   14.107
            0.136501  0.000000  0.000000
   -4.582   -1.291    2.975    2.975    6.347    7.261   14.145   14.145
            0.137290  0.000000  0.000000
   -4.556   -1.329    2.967    2.967    6.345    7.241   14.183   14.183
            0.138079  0.000000  0.000000
   -4.529   -1.366    2.959    2.959    6.344    7.222   14.221   14.221
            0.138868  0.000000  0.000000
   -4.502   -1.403    2.951    2.951    6.342    7.203   14.259   14.259
            0.139657  0.000000  0.000000
   -4.476   -1.440    2.943    2.943    6.341    7.184   14.296   14.296
            0.140446  0.000000  0.000000
   -4.449   -1.476    2.935    2.935    6.340    7.165   14.333   14.333
            0.141235  0.000000  0.000000
   -4.421   -1.513    2.928    2.928    6.339    7.146   14.370   14.370
            0.142024  0.000000  0.000000
   -4.394   -1.550    2.920    2.920    6.339    7.128   14.406   14.406
            0.142813  0.000000  0.000000
   -4.367   -1.586    2.913    2.913    6.338    7.110   14.443   14.443
            0.143602  0.000000  0.000000
   -4.339   -1.623    2.906    2.906    6.338    7.092   14.479   14.479
            0.144391  0.000000  0.000000
   -4.312   -1.659    2.899    2.899    6.338    7.074   14.515   14.515
            0.145180  0.000000  0.000000
   -4.284   -1.696    2.893    2.893    6.339    7.056   14.550   14.550
            0.145969  0.000000  0.000000
   -4.256   -1.732    2.886    2.886    6.339    7.039   14.585   14.585
            0.146758  0.000000  0.000000
   -4.228   -1.768    2.880    2.880    6.340    7.022   14.620   14.620
            0.147547  0.000000  0.000000
   -4.200   -1.804    2.873    2.873    6.341    7.005   14.655   14.655
            0.148336  0.000000  0.000000
   -4.172   -1.840    2.867    2.867    6.342    6.988   14.689   14.689
            0.149125  0.000000  0.000000
   -4.143   -1.876    2.861    2.861    6.343    6.971   14.723   14.723
            0.149914  0.000000  0.000000
   -4.115   -1.912    2.856    2.856    6.345    6.955   14.756   14.756
            0.150703  0.000000  0.000000
   -4.086   -1.948    2.850    2.850    6.346    6.939   14.789   14.789
            0.151492  0.000000  0.000000
   -4.058   -1.983    2.845    2.845    6.348    6.923   14.821   14.821
            0.152281  0.000000  0.000000
   -4.029   -2.019    2.839    2.839    6.351    6.907   14.853   14.853
            0.153070  0.000000  0.000000
   -4.000   -2.054    2.834    2.834    6.353    6.891   14.885   14.885
            0.153859  0.000000  0.000000
   -3.971   -2.090    2.829    2.829    6.356    6.876   14.915   14.915
            0.154648  0.000000  0.000000
   -3.941   -2.125    2.825    2.825    6.358    6.861   14.946   14.946
            0.155437  0.000000  0.000000
   -3.912   -2.160    2.820    2.820    6.361    6.846   14.976   14.976
            0.156226  0.000000  0.000000
   -3.882   -2.195    2.816    2.816    6.365    6.831   15.005   15.005
            0.157015  0.000000  0.000000
   -3.853   -2.230    2.811    2.811    6.368    6.817   15.033   15.033
            0.157804  0.000000  0.000000
   -3.823   -2.265    2.807    2.807    6.372    6.802   15.061   15.061
            0.158593  0.000000  0.000000
   -3.793   -2.300    2.803    2.803    6.376    6.788   15.088   15.088
            0.159382  0.000000  0.000000
   -3.763   -2.335    2.800    2.800    6.380    6.774   15.114   15.114
            0.160171  0.000000  0.000000
   -3.733   -2.370    2.796    2.796    6.384    6.761   15.140   15.140
            0.160960  0.000000  0.000000
   -3.703   -2.404    2.793    2.793    6.388    6.747   15.164   15.164
            0.161749  0.000000  0.000000
   -3.673   -2.439    2.789    2.789    6.393    6.734   15.188   15.188
            0.162539  0.000000  0.000000
   -3.642   -2.473    2.786    2.786    6.398    6.721   15.211   15.211
            0.163328  0.000000  0.000000
   -3.612   -2.507    2.783    2.783    6.403    6.708   15.233   15.233
            0.164117  0.000000  0.000000
   -3.581   -2.542    2.781    2.781    6.409    6.696   15.254   15.254
            0.164906  0.000000  0.000000
   -3.550   -2.576    2.778    2.778    6.414    6.683   15.274   15.274
            0.165695  0.000000  0.000000
   -3.519   -2.610    2.776    2.776    6.420    6.671   15.293   15.293
            0.166484  0.000000  0.000000
   -3.488   -2.644    2.773    2.773    6.426    6.659   15.311   15.311
            0.167273  0.000000  0.000000
   -3.457   -2.677    2.771    2.771    6.432    6.648   15.327   15.327
            0.168062  0.000000  0.000000
   -3.426   -2.711    2.769    2.769    6.439    6.636   15.343   15.343
            0.168851  0.000000  0.000000
   -3.395   -2.745    2.768    2.768    6.445    6.625   15.357   15.357
            0.169640  0.000000  0.000000
   -3.363   -2.778    2.766    2.766    6.452    6.614   15.370   15.370
            0.170429  0.000000  0.000000
   -3.332   -2.812    2.765    2.765    6.459    6.603   15.382   15.382
            0.171218  0.000000  0.000000
   -3.300   -2.845    2.763    2.763    6.467    6.592   15.392   15.392
            0.172007  0.000000  0.000000
   -3.268   -2.878    2.762    2.762    6.474    6.582   15.401   15.401
            0.172796  0.000000  0.000000
   -3.236   -2.911    2.761    2.761    6.482    6.572   15.409   15.409
            0.173585  0.000000  0.000000
   -3.204   -2.944    2.761    2.761    6.490    6.562   15.415   15.415
            0.174374  0.000000  0.000000
   -3.172   -2.977    2.760    2.760    6.498    6.552   15.420   15.420
            0.175163  0.000000  0.000000
   -3.140   -3.010    2.760    2.760    6.507    6.543   15.424   15.424
            0.175952  0.000000  0.000000
   -3.107   -3.042    2.759    2.759    6.515    6.533   15.426   15.426
            0.176741  0.000000  0.000000
   -3.075   -3.075    2.759    2.759    6.524    6.524   15.427   15.427
