   2.01454359710113      -0.483549797660570      -9.611531462708030E-019
 -1.517883041479706E-018  7.131475453767406E-019 -3.446896854601920E-019
  1.084202172485504E-019 -6.804594905605415E-019  7.093114000023830E-002
 -1.322089959939965E-019 -2.303929616531697E-019  1.952274944596463E-019
 -1.491676718042069E-020  1.084202172485504E-019 -1.407464014305638E-019
   2.36815823992478      -5.315048915089016E-015  1.221654807903240E-015
  -1.57969757645684       1.776223159224509E-015 -4.021656261551579E-016
   2.36815823992478      -2.725078599418384E-015  1.776223159224509E-015
  -1.57969757645684       9.025572712958248E-016   2.36815823992477     
 -4.043338741770208E-016  9.034246354126848E-016  -1.57969757645684     
  0.289245776766606      -6.501059737557920E-016  1.495555090417859E-016
  0.289245776766606      -3.232998174362569E-016  0.289245776766606     
   2.01454359710113      -0.483549797660569       9.374670032639718E-020
  4.336808689942018E-019  5.878899002998103E-019 -8.894591399426960E-020
 -1.084202172485504E-019  2.467836124964200E-019  7.093114000023835E-002
 -8.458641988074921E-020 -2.032879073410321E-019  2.163986717596780E-020
  1.488777161146828E-020 -1.626303258728257E-019  3.575705656741739E-019
   2.36815823992477      -5.315482981646396E-015  1.222955443756088E-015
  -1.57969757645684       1.775356062282018E-015 -4.021652774565789E-016
   2.36815823992477      -2.722259955262231E-015  1.777958147495983E-015
  -1.57969757645684       9.051595466497846E-016   2.36815823992477     
 -4.025988319158282E-016  9.034248302419294E-016  -1.57969757645684     
  0.289245776766606      -6.501061165427434E-016  1.489047559733560E-016
  0.289245776766606      -3.202641546046309E-016  0.289245776766606     
