   2.01437147803669      -0.483766740536317       2.522909562127872E-018
 -4.336808689942018E-019 -5.758890659198197E-019  8.572104886090385E-020
 -2.168404344971009E-019 -2.498692784098928E-019  7.085708901767117E-002
 -1.242493825774600E-019 -2.337810934421869E-019  1.934449551105408E-019
 -1.729012575979299E-020  1.626303258728257E-019 -1.427518938019675E-019
   2.36837940644039      -5.314088129500830E-015  1.222105156014025E-015
  -1.57967684601323       1.777104945648816E-015 -3.987471093633888E-016
   2.36837940644039      -2.720667196249045E-015  1.777104945648816E-015
  -1.57967684601323       9.051702478731531E-016   2.36837940644039     
 -4.022163750245532E-016  9.008334260722618E-016  -1.57967684601323     
  0.289238626597639      -6.501226484011730E-016  1.495884028791897E-016
  0.289238626597639      -3.224450998622747E-016  0.289238626597639     
   2.01437147803669      -0.483766740536317       7.899211845469715E-020
  1.301042606982605E-018  5.757079380741045E-019 -8.556982540146290E-020
  2.168404344971009E-019  2.500282683377943E-019  7.085708901767113E-002
 -9.249911030447887E-020 -1.998997755520149E-019  2.358049299579115E-020
 -9.118424455168827E-020 -4.336808689942018E-019  3.595440122686135E-019
   2.36837940644039      -5.314087889622819E-015  1.222105629629411E-015
  -1.57967684601323       1.777104789991009E-015 -4.022168273089201E-016
   2.36837940644039      -2.723269105981716E-015  1.776237428253020E-015
  -1.57967684601323       9.025680479801946E-016   2.36837940644039     
 -4.009157689261018E-016  9.034353975114517E-016  -1.57967684601323     
  0.289238626597639      -6.501225426222231E-016  1.495885991085363E-016
  0.289238626597640      -3.233123816594408E-016  0.289238626597639     
