   2.01332719618747      -0.482171641938748       3.314388145192844E-019
 -4.336808689942018E-019 -5.951497785343103E-019 -9.932888735587864E-019
  1.084202172485504E-019  1.888370004528700E-019  7.083040997874263E-002
 -1.362462499384810E-019 -2.270048298641525E-019  1.960836957688221E-019
 -1.220969942372752E-019  3.252606517456513E-019 -3.116342385682962E-020
   2.36791081880485      -5.314240745426536E-015  1.219480717739533E-015
  -1.57948134326070       1.773606751319019E-015 -4.021284297707656E-016
   2.36791081880485      -2.724910117463437E-015  1.777076198270972E-015
  -1.57948134326070       9.051490233309947E-016   2.36791081880485     
 -4.016944000103991E-016  9.051490244371753E-016  -1.57948134326070     
  0.289200429117045      -6.496595770352857E-016  1.480141342729917E-016
  0.289200429117045      -3.215556685192066E-016  0.289200429117045     
   2.01332719618747      -0.482171641938748       1.025352946252389E-019
  6.505213034913027E-019 -2.719702759167757E-019  3.424417714451526E-019
 -5.421010862427522E-019  8.951008027441503E-019  7.083040997874258E-002
 -8.060625741328269E-020 -2.066760391300493E-019  2.074276487383674E-020
  3.389743387209762E-019 -1.626303258728257E-019  1.396131709579367E-019
   2.36791081880485      -5.313807152881367E-015  1.220781803284932E-015
  -1.57948134326070       1.773606810740777E-015 -4.021283917316132E-016
   2.36791081880485      -2.721657585700298E-015  1.775341534216754E-015
  -1.57948134326070       9.025469918957459E-016   2.36791081880485     
 -4.042965894828048E-016  9.025469885201798E-016  -1.57948134326070     
  0.289200429117045      -6.500932810934495E-016  1.488815136054594E-016
  0.289200429117045      -3.206883289596111E-016  0.289200429117045     
