   1.98857479465806      -0.517905270189050      -2.006204457620750E-019
 -8.673617379884035E-019  8.440473489834095E-019 -8.116390117930619E-019
  2.168404344971009E-019  2.730577919326324E-019  7.445253561416308E-002
  1.254491191192326E-019 -1.897353801849633E-019  2.158186326636859E-019
  2.010352274303418E-019  4.878909776184770E-019 -2.839834828736702E-019
   2.41437566121682      -5.419184270322948E-015  1.242918259056269E-015
  -1.59980058950585       1.796402742400918E-015 -4.085929142775596E-016
   2.41437566121682      -2.769874756436158E-015  1.796402742400918E-015
  -1.59980058950585       9.157318337805810E-016   2.41437566121682     
 -4.103683948441856E-016  9.122557520399520E-016  -1.59980058950585     
  0.290229103720844      -6.523586458067027E-016  1.519738623681848E-016
  0.290229103720844      -3.216243448202106E-016  0.290229103720844     
   1.98857479465806      -0.517905270189050       6.348184844300017E-019
 -6.505213034913027E-019  2.368129489097397E-020  3.773539495754782E-019
 -7.589415207398531E-019  3.770273127059758E-019  7.445253561416308E-002
 -3.421380538173119E-019  1.897353801849633E-019 -1.072742269669374E-019
  1.241311575038597E-019 -5.421010862427522E-020 -1.497742332440473E-019
   2.41437566121682      -5.417451536948711E-015  1.242482759109066E-015
  -1.59980058950585       1.795536746100798E-015 -4.098923145020561E-016
   2.41437566121682      -2.774646758770085E-015  1.796404107838786E-015
  -1.59980058950585       9.079266097896553E-016   2.41437566121682     
 -4.134030315661365E-016  9.087873391050336E-016  -1.59980058950585     
  0.290229103720844      -6.514918379160124E-016  1.506721091494449E-016
  0.290229103720844      -3.220584425119196E-016  0.290229103720844     
