   2.01460181861670      -0.483490124903074       7.580464108184182E-019
 -4.336808689942018E-019  2.654440858707276E-019 -9.916655195462420E-019
  1.084202172485504E-019 -2.429287725314208E-019  7.094412234459944E-002
  7.651433910077938E-020  2.168404344971009E-019 -1.286768963066212E-019
  2.048065309319607E-019  3.523657060577889E-019  7.872379613986086E-020
   2.36812358539230      -5.313889404253573E-015  1.221226157736814E-015
  -1.57973829033676       1.776207609170746E-015 -4.007951660354209E-016
   2.36812358539230      -2.721291172033357E-015  1.775340247432758E-015
  -1.57973829033676       9.034149616613305E-016   2.36812358539230     
 -4.038306753653752E-016  9.051497030575773E-016  -1.57973829033676     
  0.289250583408750      -6.500859978857540E-016  1.464742607835538E-016
  0.289250583408751      -3.241529979162629E-016  0.289250583408750     
   2.01460181861670      -0.483490124903074       1.094972656653207E-019
  4.336808689942018E-019 -6.989937872274381E-019  1.241257188555508E-019
 -2.168404344971009E-019 -1.908801512099717E-019  7.094412234459944E-002
  1.402715105509957E-019  2.168404344971009E-019 -8.820317824980559E-020
 -2.047638005014925E-019 -3.523657060577889E-019  1.381475091253702E-019
   2.36812358539230      -5.314756972482003E-015  1.222093504061357E-015
  -1.57973829033676       1.775340381263037E-015 -4.020961852567018E-016
   2.36812358539230      -2.723459723379374E-015  1.775340381263037E-015
  -1.57973829033676       9.034150585840551E-016   2.36812358539230     
 -4.029633071923802E-016  9.034150716092259E-016  -1.57973829033676     
  0.289250583408750      -6.500860522176796E-016  1.473415961825767E-016
  0.289250583408751      -3.250203963814696E-016  0.289250583408751     
