   1.98436830481392      -0.509022204120480      -4.787477803655953E-019
 -2.168404344971009E-019 -3.618156766997882E-019  2.230312325078694E-019
  2.168404344971009E-019  8.476870619396394E-019  7.314204149499447E-002
  3.587990331194482E-020 -1.084202172485504E-019 -3.075734189734831E-020
 -3.683781998798478E-019  5.421010862427522E-020  1.704476720092290E-020
   2.38950118446250      -4.732212528977123E-015  3.277276199109410E-016
  -1.57732735118121       1.559423026416066E-015 -9.629306546657416E-017
   2.38950118446250      -1.719974046535550E-015  1.559423026416066E-015
  -1.57732735118121       5.502090877050317E-016   2.38950118446250     
 -9.629738488820835E-017  5.519735290398268E-016  -1.57732735118121     
  0.285150822193543      -5.610617228318413E-016  3.252763394470988E-017
  0.285150822193543      -1.941046453508310E-016  0.285150822193543     
   1.98436830481392      -0.509022204120481       2.213618166091692E-018
  2.168404344971009E-019 -5.053858132271072E-019  2.105288709959384E-019
 -2.168404344971009E-019 -1.973035321394450E-019  7.314204149499449E-002
 -3.598980412124086E-020  1.084202172485504E-019  3.068966238919110E-020
  1.515697999946907E-019 -2.710505431213761E-019  9.138806582991997E-020
   2.38950118446250      -4.733947670974717E-015  3.277271120656859E-016
  -1.57732735118121       1.562892783566223E-015 -9.369077414867303E-017
   2.38950118446250      -1.721275604355074E-015  1.560290698352258E-015
  -1.57732735118121       5.571484281159263E-016   2.38950118446250     
 -9.369481817491841E-017  5.502391119958645E-016  -1.57732735118121     
  0.285150822193543      -5.623629305403729E-016  3.166015828403297E-017
  0.285150822193544      -1.932374783368899E-016  0.285150822193543     
