   2.01388145031863      -0.484451470132095      -5.095447899156388E-020
 -1.301042606982605E-018 -5.542656424090532E-019 -1.371390147785029E-019
 -3.252606517456513E-019  1.786683044188935E-019  7.063802503664526E-002
 -1.081185907808359E-019 -2.453748569077301E-019  1.899204144430025E-019
 -2.383265522891329E-019  1.626303258728257E-019 -3.756559870665055E-020
   2.36922067355883      -5.315275875924168E-015  1.224787194614073E-015
  -1.57979684153078       1.776266902931904E-015 -3.992665798028042E-016
   2.36922067355883      -2.724482068666295E-015  1.776266902931904E-015
  -1.57979684153078       9.043270171788080E-016   2.36922067355883     
 -4.010015468649954E-016  9.051943677642972E-016  -1.57979684153078     
  0.289259729337995      -6.479833669230634E-016  1.522433307733939E-016
  0.289259729337995      -3.224681228043332E-016  0.289259729337995     
   2.01388145031863      -0.484451470132095      -8.165240879193553E-019
  4.336808689942018E-019  9.878686157700557E-019 -5.132479853390468E-019
 -2.168404344971009E-019  6.887855964672905E-019  7.063802503664525E-002
 -1.086639060053335E-019 -1.882530725272683E-019  2.695720045866454E-020
 -3.038196217714059E-019 -5.963111948670274E-019  5.796374004538692E-019
   2.36922067355883      -5.315276122312917E-015  1.224787734655353E-015
  -1.57979684153078       1.775399653565907E-015 -4.018691801774923E-016
   2.36922067355883      -2.725349636412472E-015  1.776267015303895E-015
  -1.57979684153078       8.991229376951864E-016   2.36922067355883     
 -4.018691850378568E-016  9.034597492200711E-016  -1.57979684153078     
  0.289259729337995      -6.479833674308919E-016  1.513762047331007E-016
  0.289259729337996      -3.216007673941683E-016  0.289259729337995     
