   2.01459685774343      -0.483480358137392       7.620514497544874E-019
 -4.336808689942018E-019 -1.644757046987220E-019 -7.755743580203801E-019
 -3.252606517456513E-019  1.898424226720481E-019  7.094966728639546E-002
 -1.381511441641027E-019  0.000000000000000E+000  8.806571202058583E-020
  4.207419652756084E-019  5.692061405548898E-019 -1.389495901253359E-019
   2.36811166262607      -5.314712599155178E-015  1.219052995292535E-015
  -1.57972762179718       1.773609831321934E-015 -4.003820647500309E-016
   2.36811166262608      -2.721255010745635E-015  1.777946640011876E-015
  -1.57972762179718       9.025501768114345E-016   2.36811166262607     
 -3.995145045604112E-016  9.051522784093043E-016  -1.57972762179718     
  0.289249683064142      -6.500917376929364E-016  1.486561775047193E-016
  0.289249683064142      -3.224223384212749E-016  0.289249683064142     
   2.01459685774343      -0.483480358137392      -7.623944504350308E-019
  4.336808689942018E-019  1.642030256836147E-019 -9.143658036940724E-020
 -6.505213034913027E-019  2.441168751152445E-019  7.094966728639546E-002
  1.382449156759848E-019  6.776263578034403E-021 -8.799138710976363E-020
 -3.123931005428357E-019  8.131516293641283E-020 -7.794804910285933E-020
   2.36811166262608      -5.313845195205924E-015  1.218619328276498E-015
  -1.57972762179718       1.777079249405668E-015 -3.986473260018176E-016
   2.36811166262608      -2.721471819119874E-015  1.775344525929691E-015
  -1.57972762179718       9.068869625028618E-016   2.36811166262607     
 -4.021166271978450E-016  8.990807248591202E-016  -1.57972762179718     
  0.289249683064142      -6.500917300180037E-016  1.495235423618835E-016
  0.289249683064142      -3.215549704368769E-016  0.289249683064142     
