   2.01459345235115      -0.483495203965752       3.316707174436931E-019
 -4.336808689942018E-019 -5.950976734692688E-019  9.082368392624875E-020
  2.168404344971009E-019 -2.799901944031464E-020  7.095082889997682E-002
 -1.367304142075890E-019 -2.303929616531697E-019  3.042321846857688E-019
  2.034888588026015E-019  1.355252715606881E-019 -3.095947575324434E-020
   2.36812977667666      -5.314252049001337E-015  1.219485483113417E-015
  -1.57974770525352       1.774480697249384E-015 -4.038656097118077E-016
   2.36812977667666      -2.722967281498809E-015  1.773613335511396E-015
  -1.57974770525352       9.025520196907410E-016   2.36812977667666     
 -4.056001934354770E-016  9.051541028882164E-016  -1.57974770525352     
  0.289256947200434      -6.500959178584388E-016  1.477980363136442E-016
  0.289256947200434      -3.219913946144440E-016  0.289256947200434     
   2.01459345235115      -0.483495203965752       9.693747257495387E-019
  1.301042606982605E-018 -1.139631965223925E-018 -9.083126583859623E-020
 -1.084202172485504E-019  2.448420008570086E-019  7.095082889997691E-002
 -1.885306993672658E-019 -2.066760391300493E-019  1.294511344532630E-019
 -2.034846385622492E-019 -1.355252715606881E-019  3.096048613868104E-020
   2.36812977667666      -5.313818521512654E-015  1.219052058926355E-015
  -1.57974770525352       1.774480794657496E-015 -4.008300507743143E-016
   2.36812977667666      -2.722100048996738E-015  1.775348156395485E-015
  -1.57974770525352       9.051541879407592E-016   2.36812977667666     
 -4.064677345516117E-016  9.051541868257233E-016  -1.57974770525352     
  0.289256947200433      -6.500959578989813E-016  1.484486843927527E-016
  0.289256947200433      -3.219914313274972E-016  0.289256947200433     
