   2.00479986241157      -0.476444605803957      -1.301042606982605E-017
  2.938991782579519E-018 -3.720046527551773E-018  4.770489558936220E-018
 -1.918954649254614E-018  1.818402088220605E-018  7.028317260304257E-002
 -2.392021043046144E-018 -4.219090296194221E-019 -1.278436591119801E-018
  2.927345865710862E-018  1.015708262893490E-019  8.864384024360142E-019
   2.37354638381350      -5.318615625435437E-015  1.233560049883967E-015
  -1.58598768568405       1.792840483137430E-015 -4.119477128433970E-016
   2.37354638381350      -2.734284303683420E-015  1.792840483137430E-015
  -1.58598768568405       9.048183269635826E-016   2.37354638381350     
 -4.119501039102305E-016  9.048203824029231E-016  -1.58598768568405     
  0.290520353691580      -6.573630955351435E-016  1.573198125753429E-016
  0.290520353691580      -3.231977700499569E-016  0.290520353691579     
   2.00477450399023      -0.476346458403888       1.561251128379126E-017
 -2.939120717903360E-018  3.719399308395216E-018 -4.770489558936220E-018
  1.051712530790187E-018 -1.384310483094871E-018  7.027560885525731E-002
  2.602085213965211E-018 -1.172901830955678E-020  1.488836166806615E-018
 -3.089976191583688E-018 -1.016123094810748E-019 -8.866016213798514E-019
   2.37354294369613      -5.319482403029206E-015  1.237028372828921E-015
  -1.58589190924607       1.792839189409741E-015 -4.154158820226948E-016
   2.37354294369613      -2.732552094673226E-015  1.794573912885718E-015
  -1.58589190924607       9.065519515063089E-016   2.37354294369613     
 -4.223572470027775E-016  9.074213874067046E-016  -1.58589190924607     
  0.290493745594529      -6.573624266443090E-016  1.573192702231036E-016
  0.290493745594529      -3.201612426253700E-016  0.290493745594529     
