   1.99687082006611      -0.534842780478619      -2.033894100125401E-019
  0.000000000000000E+000 -2.617025527957466E-020 -3.732715735931705E-019
  2.168404344971009E-019  2.764663009763561E-019  7.699694672442012E-002
  5.693489892233213E-019  5.421010862427522E-020  2.495851042881976E-019
 -1.977609671011918E-020  2.981555974335137E-019 -6.957741322764910E-020
   2.46207329648594      -5.524824024920736E-015  1.269479009007241E-015
  -1.64314198493851       1.843943545318710E-015 -4.217349103830528E-016
   2.46207329648595      -2.821709002412427E-015  1.843943545318710E-015
  -1.64314198493851       9.370747208071161E-016   2.46207329648594     
 -4.222091416774671E-016  9.370681413787557E-016  -1.64314198493850     
  0.300081713213841      -6.765193062795469E-016  1.491770189872505E-016
  0.300081713213841      -3.365981580896637E-016  0.300081713213841     
   1.99687082006611      -0.534842780478619       1.071567159112859E-018
  1.084202172485504E-018 -1.274257881890136E-018 -6.118966063147098E-020
 -2.168404344971009E-019 -6.021457013443531E-020  7.699694672442012E-002
 -5.695975318750667E-019 -5.421010862427522E-020 -1.413403831878150E-019
  1.993218146327487E-020 -2.710505431213761E-019 -3.872948105049276E-020
   2.46207329648594      -5.524819889209362E-015  1.269913995953475E-015
  -1.64314198493851       1.843940828308629E-015 -4.221690372656446E-016
   2.46207329648594      -2.819537512747397E-015  1.843940828308629E-015
  -1.64314198493851       9.370727377058899E-016   2.46207329648594     
 -4.239451239185768E-016  9.370660598197652E-016  -1.64314198493850     
  0.300081713213841      -6.756506822974810E-016  1.496110788134173E-016
  0.300081713213841      -3.383319333612304E-016  0.300081713213841     
