   1.98333166137913      -0.506812262355653      -9.240116033472713E-019
  8.673617379884035E-019  1.368395611489528E-018 -4.031065100737943E-020
  9.757819552369540E-019  8.772901987058680E-019  7.281728245331917E-002
 -9.794626284255700E-020  5.421010862427522E-020 -1.050034614364171E-019
  2.465105713046845E-019  4.607859233063394E-019  2.841211520825209E-019
   2.38324954825011      -5.894069291720567E-015  1.659863121226672E-015
  -1.57165029291361       1.957084723939798E-015 -5.591587865750467E-016
   2.38324954825011      -2.960263459935167E-015  1.956217362201809E-015
  -1.57165029291361       9.759971720454144E-016   2.38324954825011     
 -5.583601504704636E-016  9.759712209679047E-016  -1.57165029291361     
  0.283868554164313      -7.122374358090487E-016  2.057269417368654E-016
  0.283868554164313      -3.449440995853897E-016  0.283868554164313     
   1.98333166137913      -0.506812262355654       2.659003723754172E-018
  8.673617379884035E-019 -1.368274781774965E-018  4.019164200490796E-020
 -6.505213034913027E-019 -2.267369377225450E-019  7.281728245331923E-002
  9.764131682809655E-020 -5.421010862427522E-020  1.047739714069035E-019
 -3.548308125221301E-019 -2.710505431213761E-020  1.496184567977066E-019
   2.38324954825011      -5.894063379911148E-015  1.659864026395532E-015
  -1.57165029291361       1.957080259414838E-015 -5.613277876838035E-016
   2.38324954825011      -2.960367027311090E-015  1.957947621152826E-015
  -1.57165029291361       9.785956215367069E-016   2.38324954825011     
 -5.574936772868452E-016  9.742328465942452E-016  -1.57165029291361     
  0.283868554164313      -7.118011992924709E-016  2.052937084535641E-016
  0.283868554164313      -3.449420289057236E-016  0.283868554164313     
