   2.01417979413575      -0.483994992815422      -1.801575867192037E-018
 -1.301042606982605E-018  3.005998498696350E-019 -3.514489912304250E-019
  1.084202172485504E-019 -4.693861635335668E-019  7.077225896478949E-002
  2.064327151677012E-019 -2.371692252312041E-019  8.370749245418888E-020
 -1.909947049394991E-020  1.626303258728257E-019 -1.441017489167893E-019
   2.36867054374462      -5.315333739670900E-015  1.226461353434621E-015
  -1.57970203890231       1.776249293940059E-015 -3.987767035012305E-016
   2.36867054374462      -2.724094772443975E-015  1.778851379154025E-015
  -1.57970203890231       9.017117520857769E-016   2.36867054374462     
 -4.039805326529084E-016  9.025791414351355E-016  -1.57970203890231     
  0.289243843194404      -6.501349588059329E-016  1.496068202835305E-016
  0.289243843194404      -3.233229929050380E-016  0.289243843194405     
   2.01417979413575      -0.483994992815422       5.003720910581490E-019
  4.336808689942018E-019  2.735063919060600E-018  3.516352352414178E-019
 -1.084202172485504E-019  4.695069667666687E-019  7.077225896478957E-002
 -2.063989440320906E-019  2.388632911257127E-019 -8.379369085940485E-020
 -8.937587936640916E-020 -4.336808689942018E-019  3.609041366114982E-019
   2.36867054374462      -5.315333852280861E-015  1.226026760867640E-015
  -1.57970203890231       1.777116757673873E-015 -4.022456438164238E-016
   2.36867054374462      -2.724311678284190E-015  1.775382034197896E-015
  -1.57970203890231       9.025791704938126E-016   2.36867054374462     
 -4.035460817118895E-016  9.025792098603070E-016  -1.57970203890231     
  0.289243843194404      -6.497013627120147E-016  1.500401784974174E-016
  0.289243843194404      -3.215883257904662E-016  0.289243843194404     
