   2.01459345235115      -0.483495203965737      -1.020101515503955E-019
 -1.301042606982605E-018  2.722640645192130E-019  9.082368392612202E-020
  5.421010862427522E-019 -6.785203229317078E-019  7.095082889997442E-002
 -2.831019695898158E-020 -1.016439536705160E-020 -2.102846705983652E-020
  2.034888588026107E-019  1.626303258728257E-019 -3.095947575323863E-020
   2.36812977667685      -5.313384687263361E-015  1.221220206589395E-015
  -1.57974770525377       1.774480697249392E-015 -4.003961627598542E-016
   2.36812977667685      -2.721666238891836E-015  1.775348058987381E-015
  -1.57974770525377       9.060214666427005E-016   2.36812977667685     
 -4.021307464835248E-016  9.060214646262109E-016  -1.57974770525377     
  0.289256947200490      -6.500959178584423E-016  1.488822384861295E-016
  0.289256947200490      -3.219913946144467E-016  0.289256947200490     
   2.01459345235115      -0.483495203965737       1.020129877610127E-019
  4.336808689942018E-019 -2.722702272356092E-019  5.596900376528216E-019
 -1.084202172485504E-019 -4.056793026342102E-019  7.095082889997438E-002
 -8.011048211872393E-020  1.016439536705160E-020 -1.958095172923973E-019
 -2.034846385622611E-019 -3.794707603699266E-019  2.478009206357749E-019
   2.36812977667685      -5.314685883250648E-015  1.219052058926357E-015
  -1.57974770525377       1.776215518133477E-015 -4.021310933812989E-016
   2.36812977667685      -2.722100048996743E-015  1.777950241609454E-015
  -1.57974770525377       9.051541879407624E-016   2.36812977667685     
 -4.025646067306641E-016  9.034194633497496E-016  -1.57974770525377     
  0.289256947200489      -6.500959578989831E-016  1.497497269997354E-016
  0.289256947200490      -3.215577504585044E-016  0.289256947200490     
