   1.97109439627508      -0.479524964926720      -1.790618823393011E-018
  8.673617379884035E-019  5.091044136718474E-019 -9.199501846617053E-019
 -3.252606517456513E-019  7.970038736147586E-023  6.894347075109185E-002
  3.082360627754600E-019  6.234162491791650E-019 -3.631490531365507E-019
  3.944195239551216E-020 -1.355252715606881E-019 -1.009330123695464E-020
   2.30718216505829      -5.705949031563943E-015  1.606765686585694E-015
  -1.50300381112363       1.869507782995393E-015 -5.383933846731560E-016
   2.30718216505829      -2.873581091286236E-015  1.868640421257405E-015
  -1.50300381112363       9.339218467514454E-016   2.30718216505829     
 -5.393306626364537E-016  9.304269875878647E-016  -1.50300381112363     
  0.268441525514037      -6.720329697588802E-016  1.993604109481891E-016
  0.268441525514037      -3.287771985102449E-016  0.268441525514037     
   1.97109439627508      -0.479524964926720       1.791112110445872E-018
 -8.673617379884035E-019 -2.677134303060938E-018  4.856981484961067E-019
 -8.673617379884035E-019 -6.510334592488221E-019  6.894347075109192E-002
 -7.418614196515029E-019  5.421010862427522E-020 -1.788618612277408E-019
 -3.943242581691914E-020  0.000000000000000E+000  1.007717567743845E-020
   2.30718216505829      -5.705519785984321E-015  1.606331197675950E-015
  -1.50300381112363       1.870378072362820E-015 -5.375265676628735E-016
   2.30718216505829      -2.872717331810296E-015  1.869510710624832E-015
  -1.50300381112363       9.330567910038997E-016   2.30718216505829     
 -5.384617756419337E-016  9.286947195298184E-016  -1.50300381112363     
  0.268441525514037      -6.729018432589273E-016  2.010948419020241E-016
  0.268441525514037      -3.287784106909664E-016  0.268441525514037     
