   1.97828601464708      -0.495824543776575      -1.346792619996416E-018
 -2.168404344971009E-019  1.368693791370954E-018 -2.110018680190414E-019
  2.168404344971009E-019  1.970424250292432E-019  7.123395353784506E-002
 -8.341509376067876E-019 -2.981555974335137E-019 -3.628806416817709E-020
  6.613004156890456E-020  2.710505431213761E-019 -1.702265513629155E-019
   2.35249283591921      -4.662396122063648E-015  3.222254091081866E-016
  -1.54384845322770       1.529740371718356E-015 -9.528832805360773E-017
   2.35249283591921      -1.690218670573628E-015  1.533209818670309E-015
  -1.54384845322770       5.361962016348839E-016   2.35249283591921     
 -9.182329448613723E-017  5.396947245562556E-016  -1.54384845322770     
  0.277602910885989      -5.488351118555570E-016  3.007724985365495E-017
  0.277602910885990      -1.871001035933717E-016  0.277602910885989     
   1.97828601464708      -0.495824543776575       2.214324509992124E-018
  2.168404344971009E-019 -1.368506809385004E-018  2.108366832353780E-019
 -2.168404344971009E-019 -4.140751727009953E-019  7.123395353784506E-002
  4.004601654175270E-019  8.131516293641283E-020 -2.890063322122412E-019
 -2.829714079374284E-019 -5.421010862427522E-020 -4.659059659554953E-020
   2.35249283591921      -4.662396205477363E-015  3.213578372179583E-016
  -1.54384845322770       1.532342521455285E-015 -9.442087727150115E-017
   2.35249283591921      -1.691085455038814E-015  1.531475159717297E-015
  -1.54384845322770       5.379305949009531E-016   2.35249283591921     
 -9.269040125771931E-017  5.362247769447681E-016  -1.54384845322770     
  0.277602910885989      -5.501361186668608E-016  2.790876444402681E-017
  0.277602910885990      -1.897019487814616E-016  0.277602910885989     
