   1.97583151330755      -0.490357773019098      -1.068687373461869E-018
 -8.673617379884035E-019  1.712525006001463E-018 -8.166818138897543E-019
 -1.084202172485504E-019 -1.643776753740614E-019  7.045583653971679E-002
 -5.424020397036525E-019  5.421010862427522E-020 -9.362683825345222E-020
 -9.798802036256924E-021  1.626303258728257E-019 -2.261514654397527E-019
   2.33725424452408      -5.245365625219438E-015  1.203514694352572E-015
  -1.53008274870528       1.720680635078184E-015 -3.886773720408213E-016
   2.33725424452409      -2.684383173977440E-015  1.718945911602207E-015
  -1.53008274870528       8.697834124340967E-016   2.33725424452408     
 -3.900179092158585E-016  8.671749730379105E-016  -1.53008274870528     
  0.274515332052273      -6.141384014092630E-016  1.410002259582218E-016
  0.274515332052273      -3.073827249759268E-016  0.274515332052273     
   1.97583151330755      -0.490357773019098      -2.314728100010061E-019
  0.000000000000000E+000  2.283795018345880E-020  8.158271784332584E-019
  1.084202172485504E-019  1.637605292107379E-019  7.045583653971681E-002
  3.251435307984871E-019 -2.710505431213761E-020  2.017400294826724E-019
  1.002570434011989E-020 -1.626303258728257E-019  2.263164309542367E-019
   2.33725424452408      -5.244497467573152E-015  1.204383935825134E-015
  -1.53008274870528       1.718077934793476E-015 -3.912808953019609E-016
   2.33725424452408      -2.684382629293282E-015  1.721547381745430E-015
  -1.53008274870528       8.715177005378405E-016   2.33725424452408     
 -3.891519540512589E-016  8.654398391664414E-016  -1.53008274870528     
  0.274515332052273      -6.150053180709296E-016  1.427357310835047E-016
  0.274515332052273      -3.069487281227301E-016  0.274515332052273     
